0 0.718200 0.104492 0.192984 0.179741
0 0.771589 0.508855 0.236220 0.227719
0 0.534328 0.837239 0.265649 0.255105
0 0.233458 0.134190 0.197577 0.234162
0 0.262055 0.506799 0.229133 0.255949
0 0.199404 0.886054 0.182263 0.193874
0 0.729597 0.804144 0.201568 0.250848
0 0.094719 0.898327 0.147412 0.156177
1 0.508928 0.096903 0.109872 0.123011
1 0.339360 0.646310 0.099053 0.064552
0 0.866507 0.101314 0.106942 0.134565
1 0.597391 0.162434 0.054347 0.065541
1 0.588515 0.646000 0.246901 0.156804
0 0.092808 0.076283 0.104123 0.110311
1 0.408766 0.427648 0.075204 0.084801
1 0.881816 0.430238 0.055854 0.070535
0 0.399554 0.904582 0.094518 0.117961
1 0.308897 0.930283 0.100473 0.091402
