0 0.559040 0.103877 0.142381 0.155282
0 0.173803 0.855893 0.171216 0.237296
1 0.773770 0.926476 0.189849 0.147049
0 0.183653 0.100483 0.112310 0.164291
1 0.341734 0.091986 0.097629 0.068805
0 0.376915 0.628387 0.211641 0.198824
1 0.694666 0.095131 0.119690 0.141333
1 0.360124 0.090701 0.059704 0.067085
0 0.891057 0.801183 0.181121 0.154143
1 0.321672 0.331473 0.212015 0.123956
1 0.316414 0.096065 0.065792 0.069821
1 0.832044 0.674496 0.204458 0.170458
1 0.810535 0.626579 0.254233 0.263361
1 0.466173 0.047989 0.080134 0.074814
2 0.117597 0.128709 0.069833 0.249479
