0 0.226106 0.329803 0.256606 0.301328
0 0.373733 0.832374 0.206328 0.158779
0 0.811734 0.354066 0.261345 0.256689
0 0.414294 0.566010 0.190910 0.150847
1 0.133820 0.620217 0.086032 0.168512
0 0.720476 0.825787 0.130336 0.144168
0 0.551330 0.573312 0.093165 0.161141
1 0.461731 0.671472 0.075548 0.075356
0 0.851063 0.560147 0.146355 0.136157
1 0.308506 0.588968 0.065353 0.071224
1 0.721465 0.583730 0.073333 0.063745
1 0.737526 0.529448 0.118798 0.067932
1 0.561152 0.793590 0.123827 0.065546
1 0.260465 0.918988 0.073640 0.113583
