0 0.167188 0.539285 0.168596 0.256247
0 0.535911 0.299460 0.221548 0.207914
0 0.820128 0.518055 0.199105 0.215316
0 0.586547 0.086097 0.090854 0.108891
0 0.166668 0.307614 0.181657 0.189323
0 0.508517 0.112669 0.137100 0.172914
0 0.116159 0.770984 0.192942 0.165971
0 0.538200 0.789028 0.109035 0.122650
0 0.390018 0.793352 0.128945 0.205741
1 0.840313 0.749919 0.066929 0.081187
1 0.477064 0.478492 0.153519 0.136568
0 0.075582 0.554271 0.114154 0.162535
1 0.230627 0.862767 0.048750 0.099689
1 0.231646 0.848177 0.048448 0.072208
0 0.360529 0.106847 0.138548 0.165712
0 0.212041 0.742091 0.112220 0.102318
1 0.716708 0.334914 0.107616 0.077685
1 0.609007 0.171365 0.091375 0.057184
1 0.476424 0.449435 0.149949 0.070709
