0 0.172203 0.634253 0.199998 0.215694
0 0.612455 0.634911 0.163050 0.147872
0 0.118254 0.112523 0.126693 0.148668
0 0.366645 0.594668 0.246726 0.202477
0 0.105992 0.249963 0.125239 0.141152
0 0.413328 0.141384 0.190900 0.233165
0 0.814419 0.721024 0.089265 0.076519
0 0.860543 0.693818 0.093654 0.081989
1 0.753817 0.633949 0.122948 0.093817
0 0.573579 0.778481 0.082039 0.068254
1 0.850513 0.628427 0.066378 0.065712
1 0.783371 0.637297 0.059243 0.087990
1 0.733862 0.647351 0.084186 0.071189
1 0.720710 0.652626 0.057153 0.057399
2 0.035003 0.401244 0.064678 0.163268
