0 0.867686 0.146014 0.216402 0.266142
0 0.485342 0.790406 0.256393 0.242133
0 0.488611 0.090927 0.122441 0.134243
0 0.214710 0.449433 0.248703 0.240026
0 0.491144 0.432278 0.212165 0.207229
0 0.312284 0.760046 0.136644 0.177460
0 0.162482 0.141592 0.162556 0.229419
0 0.328288 0.196407 0.113173 0.109392
1 0.277310 0.078838 0.066340 0.084887
1 0.479646 0.934001 0.102446 0.058880
0 0.715226 0.769773 0.239028 0.201208
0 0.824268 0.571176 0.246294 0.186943
0 0.654734 0.579777 0.129140 0.160122
1 0.699931 0.077554 0.071812 0.079831
1 0.160734 0.894649 0.131305 0.126225
1 0.717027 0.770959 0.236202 0.196007
0 0.136332 0.284024 0.079671 0.068719
1 0.745303 0.950417 0.074109 0.044948
1 0.587720 0.108336 0.055803 0.048305
1 0.899929 0.763778 0.135565 0.119733
0 0.788963 0.776595 0.390022 0.214708
0 0.882661 0.770409 0.234677 0.204812
1 0.627273 0.076940 0.068740 0.079334
0 0.903929 0.752136 0.178815 0.165374
