0 0.797289 0.339774 0.164915 0.183722
0 0.188249 0.151820 0.189614 0.203827
0 0.181737 0.359079 0.179251 0.219904
1 0.328180 0.078341 0.098979 0.081904
0 0.833443 0.535938 0.118459 0.084801
0 0.662485 0.381632 0.136807 0.196224
0 0.760720 0.589700 0.113430 0.150287
0 0.202552 0.879820 0.195093 0.183279
1 0.816003 0.632576 0.073564 0.122071
0 0.528724 0.607739 0.175200 0.226100
1 0.462592 0.777467 0.062994 0.117130
1 0.889506 0.175691 0.067156 0.096275
1 0.949804 0.729693 0.069206 0.131114
0 0.657675 0.582354 0.102676 0.175315
1 0.459232 0.059199 0.040199 0.039070
1 0.405248 0.636706 0.080461 0.035757
1 0.337121 0.788888 0.051959 0.079073
0 0.274836 0.579739 0.227927 0.170511
