0 0.602707 0.868884 0.202891 0.199609
0 0.150911 0.382932 0.145822 0.236888
0 0.791607 0.126709 0.253986 0.227543
1 0.142437 0.069016 0.244001 0.116655
0 0.593780 0.382488 0.186881 0.159076
0 0.292375 0.884771 0.181716 0.187451
1 0.112985 0.569399 0.077014 0.068729
0 0.748079 0.640816 0.200773 0.183788
0 0.407481 0.096276 0.113496 0.152457
1 0.191111 0.558781 0.069063 0.073894
0 0.317130 0.079684 0.139557 0.149062
1 0.392324 0.316760 0.050208 0.077458
1 0.457628 0.318331 0.082669 0.079938
1 0.437653 0.560665 0.059313 0.075212
0 0.358436 0.857491 0.084839 0.152495
1 0.514923 0.559249 0.058715 0.087385
1 0.331903 0.770152 0.083508 0.056519
1 0.502517 0.980458 0.113087 0.039085
