0 0.301389 0.320450 0.200596 0.193157
0 0.435030 0.309511 0.166349 0.185203
0 0.411880 0.836663 0.211297 0.241377
0 0.446039 0.113907 0.146836 0.184025
0 0.574726 0.531601 0.172263 0.196496
0 0.792549 0.816167 0.225254 0.246001
0 0.308490 0.115784 0.177717 0.180047
0 0.265639 0.770594 0.105845 0.142950
0 0.405436 0.562840 0.226808 0.234331
0 0.569866 0.819934 0.137050 0.242621
1 0.847049 0.472316 0.088637 0.072762
0 0.241002 0.860401 0.102433 0.142869
0 0.664446 0.286249 0.108561 0.131427
0 0.844070 0.200327 0.145160 0.323740
