0 0.470175 0.329132 0.217441 0.192534
0 0.213809 0.145981 0.148609 0.148714
1 0.484251 0.848987 0.093246 0.170478
0 0.914228 0.318127 0.120403 0.159604
1 0.848912 0.557558 0.086440 0.081331
1 0.867053 0.121455 0.164550 0.158799
1 0.399087 0.602352 0.066853 0.049225
1 0.918658 0.430366 0.075952 0.077537
1 0.486481 0.592461 0.100401 0.159873
1 0.334594 0.566995 0.046945 0.075087
0 0.591479 0.588657 0.144411 0.156668
1 0.290965 0.284855 0.093934 0.085315
1 0.273691 0.066966 0.053607 0.108493
0 0.225006 0.287579 0.283944 0.110851
1 0.335721 0.812416 0.126940 0.060097
1 0.545573 0.727031 0.150159 0.060302
1 0.757034 0.784778 0.100233 0.160762
1 0.596934 0.572975 0.097122 0.106660
1 0.221876 0.829215 0.045885 0.066540
1 0.152659 0.827965 0.053224 0.076789
1 0.164133 0.282230 0.071337 0.070590
1 0.148761 0.281454 0.061169 0.068374
