0 0.344549 0.161942 0.220854 0.233800
0 0.517069 0.132991 0.182301 0.198541
0 0.724909 0.536188 0.253125 0.255496
0 0.636835 0.814426 0.234297 0.286446
0 0.286622 0.487703 0.112899 0.165670
0 0.718066 0.269356 0.155845 0.195211
0 0.807512 0.234471 0.099371 0.131013
0 0.868977 0.491643 0.193357 0.227527
0 0.771961 0.767916 0.173807 0.194890
1 0.741709 0.060035 0.084958 0.109758
1 0.875478 0.703791 0.063273 0.039741
1 0.455396 0.751473 0.128613 0.146499
1 0.346058 0.741200 0.040246 0.090357
0 0.183248 0.760606 0.187095 0.173143
1 0.176621 0.763383 0.164297 0.157706
1 0.143667 0.524764 0.107177 0.269741
1 0.186254 0.780077 0.138013 0.128300
