0 0.147174 0.259682 0.259752 0.220785
0 0.486416 0.137527 0.215831 0.257246
0 0.335711 0.889632 0.215115 0.179007
0 0.815168 0.138303 0.208856 0.210764
0 0.098248 0.757174 0.117227 0.162121
0 0.147780 0.700700 0.079344 0.073889
0 0.371795 0.735231 0.204589 0.158676
0 0.611726 0.530621 0.186495 0.230624
0 0.656846 0.145696 0.136070 0.219965
0 0.663698 0.306006 0.151354 0.120329
1 0.629115 0.738014 0.058200 0.105578
0 0.771982 0.524527 0.210621 0.243246
1 0.417006 0.425306 0.055585 0.065953
0 0.835405 0.769258 0.168341 0.225000
1 0.247947 0.713635 0.067133 0.090389
1 0.866482 0.449341 0.069615 0.108717
