0 0.370154 0.300454 0.240596 0.281750
0 0.443945 0.787670 0.204026 0.213370
0 0.466988 0.594150 0.270672 0.171368
0 0.569132 0.751848 0.112819 0.163049
0 0.517061 0.136597 0.182039 0.233957
0 0.135171 0.182947 0.250805 0.260855
0 0.803741 0.116882 0.128748 0.151543
0 0.672258 0.133416 0.177349 0.215381
0 0.155131 0.786721 0.208184 0.228828
0 0.728559 0.799768 0.195651 0.047762
0 0.244700 0.409875 0.095584 0.147863
1 0.072866 0.941377 0.106365 0.104876
0 0.875929 0.102724 0.083167 0.131207
2 0.762273 0.542768 0.287525 0.047297
