1 0.473654 0.835414 0.135656 0.196521
0 0.815919 0.151189 0.204119 0.283693
1 0.845046 0.821237 0.098404 0.151243
0 0.084120 0.913989 0.086914 0.101493
0 0.552867 0.396667 0.173343 0.172069
0 0.849356 0.571931 0.126828 0.155411
0 0.495969 0.133712 0.175321 0.237512
0 0.359810 0.352625 0.262972 0.263882
1 0.436800 0.542059 0.047029 0.076213
1 0.222156 0.545900 0.076202 0.084971
1 0.544175 0.537326 0.136402 0.087849
1 0.271615 0.671401 0.249052 0.072577
1 0.311303 0.762237 0.044940 0.069162
1 0.868659 0.417995 0.078008 0.128221
1 0.867674 0.404903 0.059898 0.096399
0 0.128773 0.879101 0.101260 0.088565
