0 0.283746 0.867711 0.164319 0.166739
1 0.269097 0.530718 0.075386 0.215033
0 0.180110 0.229399 0.167280 0.149404
0 0.546711 0.113477 0.100655 0.176888
0 0.186220 0.086730 0.157914 0.150443
0 0.588984 0.875570 0.111620 0.152963
1 0.455103 0.060801 0.126497 0.084814
1 0.494127 0.711557 0.082390 0.097953
0 0.884976 0.724608 0.147347 0.138238
0 0.681253 0.227251 0.180809 0.155538
1 0.690287 0.825985 0.088681 0.070161
0 0.710262 0.730225 0.146523 0.150124
0 0.827443 0.446687 0.198218 0.269210
1 0.503835 0.391779 0.118890 0.115210
0 0.856059 0.447349 0.137814 0.267191
1 0.706158 0.398518 0.105588 0.099875
0 0.689430 0.097098 0.190363 0.140446
0 0.818184 0.487094 0.194488 0.194222
1 0.228363 0.698723 0.068882 0.080795
0 0.684154 0.170470 0.178599 0.266312
