0 0.778640 0.847180 0.271168 0.259575
0 0.180453 0.840194 0.192938 0.261488
0 0.818750 0.454303 0.278078 0.270549
0 0.588517 0.467087 0.111684 0.171395
0 0.314355 0.092254 0.091037 0.110407
0 0.522045 0.485487 0.095130 0.112568
1 0.558835 0.923426 0.180087 0.100130
1 0.597056 0.739748 0.106114 0.198481
1 0.233719 0.342094 0.097382 0.091300
0 0.142555 0.344848 0.117121 0.144282
0 0.780055 0.239902 0.169573 0.170450
0 0.899104 0.215095 0.194132 0.220641
0 0.262318 0.109471 0.093519 0.082991
1 0.241162 0.243267 0.174821 0.042871
0 0.204898 0.517601 0.167703 0.202423
0 0.336504 0.507626 0.175852 0.191374
0 0.266341 0.515560 0.292188 0.202710
2 0.198261 0.042560 0.156653 0.040173
