0 0.135258 0.719310 0.167018 0.151425
0 0.513430 0.168979 0.101658 0.152548
0 0.392940 0.727321 0.122729 0.133791
0 0.479803 0.653416 0.127333 0.157289
1 0.805719 0.328094 0.054715 0.052438
1 0.715970 0.353206 0.056132 0.056715
0 0.535152 0.614549 0.091598 0.087122
1 0.164663 0.842048 0.045131 0.057907
1 0.424529 0.580208 0.074813 0.061920
1 0.427499 0.864375 0.121095 0.111284
1 0.419234 0.851473 0.093896 0.084703
1 0.406911 0.849861 0.061916 0.079801
0 0.419475 0.864410 0.134221 0.114088
1 0.443905 0.864906 0.084519 0.112059
1 0.459154 0.865478 0.050465 0.111788
