0 0.696610 0.136555 0.177103 0.179410
0 0.201005 0.517386 0.239158 0.284026
0 0.227864 0.239512 0.223634 0.245165
0 0.431873 0.770865 0.188943 0.199812
0 0.517437 0.232179 0.209847 0.272616
0 0.861308 0.802759 0.207426 0.262278
0 0.681385 0.287991 0.143046 0.161325
0 0.838202 0.519546 0.266987 0.262333
0 0.939860 0.056123 0.067681 0.079910
1 0.451770 0.416951 0.076335 0.062866
0 0.902088 0.093026 0.075197 0.117986
0 0.727241 0.742763 0.089000 0.140564
1 0.628541 0.954128 0.147492 0.041230
0 0.897915 0.478194 0.158754 0.204759
