0 0.563251 0.827007 0.132251 0.176118
0 0.828475 0.199689 0.179181 0.232399
0 0.123842 0.262247 0.150261 0.148677
0 0.330309 0.096594 0.139098 0.153401
1 0.120040 0.079485 0.093329 0.075229
0 0.449741 0.508355 0.106432 0.177323
0 0.505977 0.088361 0.070794 0.093021
1 0.338866 0.245340 0.080519 0.118071
0 0.730254 0.454363 0.112000 0.166982
0 0.140725 0.849912 0.128417 0.201618
1 0.422877 0.083819 0.065704 0.091092
1 0.242153 0.415083 0.057879 0.057709
1 0.330018 0.449229 0.069212 0.049441
1 0.623005 0.598299 0.049502 0.056890
1 0.333127 0.442936 0.080289 0.065965
