0 0.609194 0.151718 0.125361 0.168259
0 0.431532 0.809117 0.197976 0.234687
0 0.668847 0.888855 0.206152 0.170680
0 0.535739 0.403957 0.170011 0.183020
0 0.745585 0.584265 0.190028 0.153314
0 0.520611 0.733198 0.120515 0.152341
0 0.663079 0.094188 0.125160 0.137667
0 0.919570 0.112613 0.146405 0.168280
0 0.626541 0.651207 0.120729 0.196455
1 0.904247 0.593368 0.103611 0.101770
1 0.136501 0.615005 0.092804 0.140125
1 0.757369 0.060719 0.096573 0.091905
1 0.921159 0.452656 0.147213 0.077579
1 0.509972 0.548736 0.117824 0.066909
