0 0.846845 0.787818 0.137904 0.167269
0 0.138894 0.308925 0.244934 0.218355
0 0.574144 0.799073 0.166119 0.191604
0 0.849328 0.530234 0.139499 0.189874
0 0.726219 0.202528 0.114817 0.158420
1 0.830759 0.127795 0.132957 0.157464
0 0.131703 0.589947 0.109480 0.210685
0 0.419121 0.305307 0.161325 0.195017
0 0.420894 0.111363 0.157054 0.203618
0 0.336978 0.498088 0.119189 0.142245
0 0.569451 0.360826 0.131959 0.109578
0 0.446699 0.792351 0.138539 0.111221
0 0.585317 0.361749 0.093701 0.104733
1 0.358490 0.762057 0.131367 0.107700
1 0.344070 0.777904 0.177531 0.144164
0 0.587202 0.351173 0.171458 0.133054
1 0.183688 0.847942 0.124049 0.286004
1 0.086284 0.838316 0.098644 0.128510
1 0.380725 0.779040 0.247506 0.140856
