0 0.533726 0.375112 0.118771 0.160677
0 0.690872 0.144175 0.145014 0.184721
0 0.675428 0.813352 0.175315 0.252339
1 0.885406 0.598274 0.112703 0.122505
1 0.464750 0.838258 0.117720 0.179238
1 0.619486 0.066889 0.160758 0.131801
1 0.203826 0.831096 0.134333 0.119893
1 0.212665 0.593981 0.117993 0.093596
0 0.872706 0.824895 0.227631 0.254195
0 0.880972 0.608356 0.238055 0.200668
1 0.937520 0.041030 0.102667 0.078830
1 0.873731 0.824592 0.216431 0.251700
1 0.184530 0.090497 0.141386 0.127601
1 0.164128 0.130643 0.066266 0.045273
