0 0.158938 0.831475 0.133510 0.151559
0 0.697320 0.833714 0.180389 0.246388
0 0.841090 0.480067 0.283890 0.237375
0 0.577000 0.241489 0.229709 0.223740
0 0.387628 0.250649 0.154183 0.203575
0 0.349213 0.486354 0.123688 0.241321
0 0.836530 0.784410 0.175365 0.210979
1 0.845212 0.274431 0.142803 0.145987
0 0.453288 0.499554 0.088684 0.170031
1 0.316505 0.761595 0.182155 0.061731
1 0.557226 0.738208 0.042987 0.038888
1 0.499000 0.744465 0.037723 0.034861
1 0.362558 0.755998 0.090949 0.047282
1 0.255763 0.781116 0.042441 0.042882
1 0.258923 0.776526 0.052037 0.054977
