0 0.171884 0.351770 0.179948 0.173129
0 0.242427 0.520360 0.117874 0.119561
0 0.202494 0.199783 0.148116 0.115911
0 0.774415 0.516247 0.108262 0.111824
0 0.652887 0.798843 0.171330 0.246073
0 0.337247 0.714371 0.103958 0.130724
0 0.560480 0.353561 0.112072 0.140068
1 0.198891 0.860961 0.115115 0.101846
1 0.347142 0.852276 0.110421 0.111728
0 0.564619 0.848792 0.127225 0.161531
0 0.494643 0.201263 0.160032 0.110171
0 0.496787 0.091451 0.148570 0.147202
0 0.494531 0.162562 0.161514 0.187104
1 0.836369 0.184416 0.107227 0.274978
2 0.986990 0.639130 0.026020 0.270403
