0 0.234112 0.751789 0.116613 0.110678
0 0.159534 0.552059 0.168182 0.230195
0 0.813824 0.538931 0.173557 0.201722
0 0.291349 0.730501 0.078699 0.076048
0 0.304376 0.488975 0.084398 0.107450
0 0.394979 0.877074 0.127729 0.149943
1 0.274386 0.178470 0.115134 0.198092
0 0.267316 0.518598 0.081656 0.106520
1 0.125840 0.756940 0.108259 0.111582
0 0.828148 0.842071 0.181492 0.227534
1 0.147893 0.281093 0.061161 0.160222
1 0.605465 0.371859 0.195914 0.042954
0 0.396608 0.751533 0.125865 0.119164
2 0.459882 0.319015 0.193106 0.043860
1 0.460271 0.320257 0.193258 0.044074
2 0.542538 0.260184 0.369877 0.048518
2 0.607507 0.371498 0.195726 0.042356
0 0.682496 0.503807 0.101152 0.125802
