0 0.455231 0.555596 0.166661 0.155152
0 0.813513 0.732380 0.211905 0.187429
0 0.360217 0.202782 0.183381 0.173209
0 0.519305 0.212446 0.147165 0.151686
0 0.816973 0.156396 0.203446 0.261500
0 0.138612 0.237828 0.110277 0.100397
0 0.170272 0.192807 0.095995 0.086288
1 0.339740 0.370101 0.047224 0.052719
0 0.658861 0.898729 0.119575 0.120472
1 0.225832 0.358780 0.104389 0.092299
1 0.251698 0.042484 0.083246 0.079115
1 0.156193 0.774052 0.070691 0.072815
1 0.572937 0.917621 0.090186 0.089820
1 0.297882 0.770257 0.077393 0.080603
