0 0.751906 0.849146 0.179420 0.196573
0 0.468790 0.300649 0.119351 0.133708
0 0.846274 0.147719 0.153267 0.150206
0 0.318292 0.575098 0.171815 0.203053
0 0.548071 0.118706 0.136855 0.198252
0 0.453239 0.558252 0.150084 0.194865
0 0.186631 0.837295 0.206188 0.228526
0 0.888554 0.834115 0.144745 0.213761
1 0.202625 0.404049 0.208775 0.068670
0 0.175386 0.147668 0.111105 0.133828
1 0.272508 0.264608 0.091756 0.047529
0 0.629949 0.593288 0.116585 0.144949
1 0.437067 0.152679 0.071497 0.074966
1 0.891348 0.299809 0.081173 0.098565
