0 0.826652 0.559963 0.198549 0.267216
0 0.712805 0.281846 0.187126 0.170010
0 0.879583 0.776858 0.187496 0.145599
0 0.171821 0.305569 0.125232 0.191372
0 0.263140 0.837914 0.129732 0.210606
0 0.540087 0.105422 0.148085 0.134794
1 0.385027 0.790489 0.102921 0.157115
0 0.258267 0.252744 0.175610 0.233740
1 0.430737 0.551325 0.101379 0.151207
1 0.627939 0.745273 0.076400 0.056695
1 0.487351 0.924289 0.076631 0.078107
1 0.487824 0.911372 0.073300 0.049733
1 0.861642 0.076856 0.054005 0.088444
1 0.820196 0.919507 0.192755 0.157962
1 0.479782 0.806349 0.043806 0.043456
