0 0.668198 0.320162 0.196330 0.201360
0 0.468164 0.118556 0.197415 0.197313
0 0.619660 0.534337 0.209071 0.177059
0 0.780944 0.826575 0.269612 0.243643
0 0.101016 0.247475 0.167842 0.223926
0 0.294077 0.120408 0.214674 0.216912
0 0.134546 0.094259 0.136968 0.153146
1 0.405600 0.476738 0.064336 0.052151
0 0.446441 0.717687 0.142481 0.121858
0 0.406206 0.878055 0.229277 0.213370
0 0.572398 0.825087 0.096446 0.125889
1 0.296584 0.485836 0.063598 0.061919
1 0.111149 0.591184 0.056754 0.066851
1 0.163516 0.492941 0.113642 0.088459
0 0.615877 0.933658 0.192354 0.057947
0 0.120763 0.520967 0.040718 0.037391
0 0.473034 0.498535 0.087420 0.104393
1 0.477102 0.508485 0.064933 0.077685
