0 0.554884 0.360213 0.171119 0.157436
0 0.617976 0.094520 0.161418 0.155334
0 0.751950 0.112997 0.153807 0.182702
0 0.711712 0.359974 0.144730 0.158510
1 0.160938 0.383532 0.089321 0.096654
0 0.187600 0.125619 0.186327 0.208955
1 0.306633 0.062225 0.078353 0.092486
1 0.312202 0.345195 0.063257 0.055564
0 0.448761 0.466255 0.236999 0.222387
0 0.650140 0.872329 0.170001 0.184426
1 0.861296 0.099705 0.088942 0.087824
1 0.677681 0.194459 0.056277 0.053724
1 0.139650 0.922223 0.095870 0.155307
0 0.795359 0.696681 0.369022 0.193099
0 0.743801 0.660326 0.260812 0.113365
1 0.257515 0.231491 0.098288 0.074639
