0 0.409804 0.809459 0.235352 0.265942
0 0.584595 0.555086 0.209853 0.186435
0 0.145646 0.419171 0.140367 0.144795
0 0.513545 0.233063 0.240903 0.209290
0 0.831340 0.113528 0.151966 0.185331
0 0.693499 0.150983 0.180552 0.229992
0 0.530750 0.085331 0.163706 0.148729
0 0.731423 0.729989 0.152195 0.142991
1 0.182292 0.099939 0.269727 0.078394
1 0.815389 0.455947 0.167754 0.177283
1 0.582245 0.744400 0.064611 0.064586
1 0.098160 0.954910 0.049650 0.026372
1 0.251394 0.296336 0.050543 0.068633
1 0.820494 0.923675 0.108730 0.040991
1 0.018365 0.924969 0.036729 0.031030
