0 0.433570 0.748267 0.127277 0.138581
0 0.243447 0.490461 0.153676 0.183107
0 0.849118 0.778771 0.151455 0.215097
0 0.868417 0.191801 0.233667 0.235545
0 0.600613 0.467089 0.167345 0.146903
0 0.399076 0.160950 0.272051 0.277614
0 0.919724 0.482598 0.122135 0.172883
0 0.551078 0.595626 0.161550 0.137408
0 0.562069 0.754019 0.127042 0.162715
1 0.411960 0.887849 0.071211 0.085895
1 0.136345 0.757260 0.098768 0.165022
1 0.374529 0.890907 0.055018 0.083632
1 0.734291 0.453050 0.063428 0.053755
1 0.466766 0.862367 0.062807 0.086943
1 0.396525 0.888509 0.101080 0.084822
1 0.421558 0.885936 0.050137 0.082854
1 0.122478 0.773453 0.071961 0.128241
1 0.845523 0.932863 0.147129 0.100776
