1 0.513071 0.298447 0.129327 0.099303
0 0.859029 0.574905 0.195950 0.276081
0 0.594188 0.123703 0.160182 0.193593
1 0.382371 0.426183 0.326750 0.134091
0 0.601629 0.859286 0.184502 0.184876
1 0.771317 0.064022 0.166620 0.096625
0 0.791035 0.760435 0.263509 0.109268
1 0.474522 0.170269 0.097098 0.104737
2 0.831027 0.835306 0.280414 0.044637
1 0.910546 0.105965 0.071752 0.085427
1 0.793197 0.295002 0.107043 0.107835
1 0.169806 0.118209 0.082709 0.177870
1 0.288458 0.085251 0.104300 0.099739
1 0.189193 0.928840 0.203793 0.133903
1 0.171410 0.144379 0.074312 0.127124
