0 0.114818 0.870473 0.133338 0.138910
1 0.094096 0.116509 0.116291 0.127288
0 0.548390 0.132593 0.116445 0.158853
0 0.231741 0.597795 0.192303 0.165653
1 0.424614 0.136096 0.078382 0.091165
0 0.121451 0.758315 0.123340 0.121517
0 0.105125 0.378196 0.097867 0.111652
0 0.570393 0.757350 0.159983 0.136312
0 0.560638 0.888958 0.143763 0.161183
0 0.423718 0.357018 0.189608 0.157741
0 0.488546 0.305331 0.088702 0.118244
1 0.673883 0.772383 0.067848 0.073336
1 0.386784 0.542429 0.145494 0.145232
0 0.759772 0.732542 0.105593 0.083629
