0 0.718742 0.157024 0.159138 0.209127
0 0.245983 0.812579 0.215564 0.182799
0 0.733158 0.694043 0.118293 0.119104
0 0.846910 0.132038 0.129238 0.192351
0 0.583423 0.113928 0.112770 0.140644
1 0.125287 0.911089 0.082586 0.097222
0 0.714518 0.823980 0.147161 0.196840
1 0.209985 0.441248 0.171528 0.133252
2 0.232491 0.078038 0.272702 0.050561
1 0.233412 0.660385 0.061580 0.053222
1 0.947217 0.738903 0.078255 0.129428
2 0.271329 0.142083 0.273790 0.049435
1 0.779573 0.462431 0.065892 0.050385
1 0.271267 0.643368 0.056982 0.085546
1 0.460388 0.085998 0.134296 0.084736
1 0.319062 0.223798 0.058706 0.078443
1 0.244414 0.658791 0.086015 0.057370
