0 0.198828 0.297851 0.139097 0.150157
0 0.816870 0.521794 0.216499 0.221205
0 0.492133 0.863920 0.238422 0.223600
0 0.776018 0.354025 0.223981 0.063749
0 0.794616 0.719553 0.117833 0.136891
0 0.693846 0.863522 0.095886 0.116879
0 0.514405 0.267422 0.223872 0.247723
0 0.356559 0.264024 0.173292 0.174050
1 0.229445 0.499794 0.060442 0.129641
1 0.646913 0.487814 0.101019 0.139646
1 0.907857 0.711140 0.076952 0.132848
1 0.779558 0.890137 0.072833 0.083535
1 0.923334 0.850945 0.060815 0.057797
2 0.455711 0.063416 0.617377 0.073724
1 0.269306 0.139249 0.310350 0.066177
2 0.268001 0.137783 0.310296 0.064840
