0 0.240234 0.879413 0.192427 0.183911
0 0.595435 0.228483 0.209303 0.196771
0 0.868928 0.109043 0.098236 0.179843
0 0.260724 0.341201 0.250793 0.059926
0 0.573153 0.373316 0.163673 0.122455
0 0.642568 0.448354 0.112073 0.108873
0 0.809145 0.718124 0.226937 0.247239
1 0.423551 0.380628 0.109663 0.228838
0 0.236736 0.599502 0.233622 0.176097
0 0.241433 0.734443 0.139718 0.120794
2 0.266398 0.227268 0.317440 0.058897
1 0.538223 0.461104 0.075358 0.057918
0 0.264751 0.226898 0.318102 0.059827
1 0.271482 0.120893 0.039092 0.051446
0 0.260940 0.445873 0.207870 0.067684
0 0.866068 0.562357 0.100619 0.092940
