0 0.495325 0.755575 0.145423 0.214333
0 0.633162 0.414861 0.098909 0.107574
0 0.147165 0.267464 0.140248 0.145680
1 0.379766 0.831864 0.090522 0.102814
0 0.356230 0.158204 0.088760 0.100190
1 0.667341 0.650580 0.049056 0.050208
1 0.341557 0.760467 0.081915 0.077896
1 0.871033 0.647045 0.050350 0.046333
1 0.385979 0.668177 0.085424 0.099191
0 0.534175 0.482592 0.110687 0.112904
1 0.045652 0.812900 0.084229 0.102580
1 0.842686 0.415436 0.092328 0.075590
2 0.692045 0.316885 0.427517 0.061864
0 0.359431 0.066834 0.077346 0.095378
1 0.778400 0.655704 0.094037 0.063049
1 0.755044 0.656557 0.041504 0.061389
1 0.375585 0.432917 0.124361 0.118390
