0 0.829019 0.379204 0.178068 0.209277
1 0.336344 0.794523 0.275395 0.109796
0 0.858749 0.164377 0.117735 0.224394
1 0.171746 0.301178 0.249434 0.133879
0 0.847005 0.800799 0.145077 0.150727
0 0.551203 0.613368 0.123434 0.231846
0 0.852145 0.612857 0.133917 0.229865
0 0.535805 0.379883 0.098388 0.209951
1 0.548303 0.089892 0.085629 0.047772
0 0.183625 0.114336 0.235017 0.104609
1 0.638490 0.097220 0.078017 0.058124
1 0.549618 0.877613 0.104496 0.127579
1 0.186621 0.110685 0.233396 0.099064
0 0.847845 0.902752 0.134058 0.074988
1 0.720497 0.460560 0.065731 0.071962
0 0.549738 0.876843 0.107822 0.127448
2 0.698951 0.032669 0.304293 0.047253
