0 0.856247 0.479100 0.174233 0.227450
4 0.480260 0.892591 0.148215 0.107394
4 0.862570 0.478878 0.134287 0.195369
4 0.210596 0.496525 0.180224 0.232300
4 0.755377 0.090612 0.094233 0.103425
4 0.422031 0.111953 0.120152 0.149394
4 0.375695 0.487941 0.124664 0.201994
1 0.113771 0.150731 0.066664 0.062400
1 0.241188 0.209134 0.074556 0.083044
1 0.413632 0.299138 0.049991 0.089463
0 0.417892 0.109519 0.183480 0.201100
0 0.742821 0.092103 0.151668 0.152006
0 0.488242 0.739778 0.223300 0.178994
1 0.104350 0.047047 0.061794 0.084094
4 0.502345 0.751059 0.168834 0.152544
0 0.486188 0.904109 0.219229 0.147069
0 0.376507 0.479119 0.127471 0.229913
0 0.206628 0.495528 0.210637 0.261269
3 0.114408 0.856350 0.048260 0.169300
3 0.684552 0.865188 0.130054 0.144788
3 0.872283 0.722109 0.122700 0.129969
