3 0.898211 0.609581 0.077713 0.178987
3 0.821731 0.385269 0.148879 0.196662
2 0.453632 0.312022 0.161955 0.047881
3 0.219686 0.380425 0.183229 0.177850
3 0.822874 0.138844 0.132511 0.155625
3 0.495677 0.127725 0.080161 0.133387
3 0.200381 0.143962 0.130879 0.163575
4 0.771987 0.620544 0.084422 0.141600
0 0.576058 0.873594 0.134969 0.161887
4 0.587448 0.875694 0.090305 0.093712
4 0.712601 0.846622 0.103067 0.201106
3 0.360009 0.102359 0.086475 0.083794
0 0.766108 0.620413 0.125973 0.192675
4 0.355305 0.858250 0.136439 0.149125
0 0.722749 0.847572 0.155417 0.258231
0 0.355489 0.856409 0.201202 0.200656
1 0.233592 0.597041 0.039256 0.046744
