1 0.806157 0.621803 0.040332 0.078381
4 0.186336 0.864644 0.100870 0.137412
0 0.821099 0.422922 0.226090 0.180906
1 0.515771 0.429653 0.043740 0.048694
0 0.199211 0.438434 0.197883 0.214244
0 0.487578 0.092328 0.203677 0.174431
0 0.225004 0.086628 0.146422 0.125406
0 0.365094 0.847869 0.239247 0.244862
4 0.836924 0.185341 0.103067 0.125981
4 0.489686 0.090716 0.138242 0.115719
4 0.223834 0.080456 0.100619 0.074675
0 0.833596 0.185244 0.164413 0.175575
0 0.778112 0.835772 0.177211 0.190394
4 0.369848 0.852687 0.176682 0.146500
4 0.835368 0.418603 0.164422 0.125981
4 0.190377 0.438269 0.135785 0.149350
0 0.174260 0.862000 0.133274 0.217750
4 0.783834 0.837525 0.106341 0.118000
