0 0.639390 0.743463 0.252072 0.267600
0 0.120135 0.447175 0.175049 0.229725
4 0.129117 0.896256 0.042987 0.079238
0 0.182094 0.867150 0.194574 0.191688
1 0.679233 0.403000 0.049892 0.061562
0 0.399682 0.731150 0.215561 0.239687
4 0.126327 0.440947 0.103883 0.178419
4 0.543206 0.402625 0.094664 0.090375
4 0.203874 0.862094 0.082619 0.102037
4 0.412040 0.729566 0.163632 0.186994
4 0.622691 0.733263 0.170960 0.212625
1 0.217076 0.544084 0.027013 0.037056
0 0.530359 0.400719 0.138242 0.136812
1 0.240381 0.531544 0.029444 0.030213
