1 0.330058 0.337559 0.169659 0.147756
4 0.320704 0.130703 0.134000 0.176119
4 0.810067 0.121247 0.169641 0.147756
1 0.408058 0.478813 0.173013 0.146575
1 0.813453 0.323966 0.074637 0.052006
1 0.383865 0.692094 0.040251 0.054038
1 0.185090 0.842228 0.082466 0.138206
0 0.718448 0.651394 0.128305 0.149125
4 0.725951 0.649000 0.058897 0.103287
1 0.923256 0.643869 0.131534 0.135437
1 0.715175 0.844416 0.149614 0.185931
0 0.803009 0.119675 0.218215 0.204100
1 0.181247 0.177888 0.047713 0.071650
1 0.189480 0.091984 0.056233 0.061356
0 0.315018 0.126991 0.195973 0.219356
