4 0.668152 0.706469 0.065668 0.185812
1 0.424408 0.801575 0.104296 0.053200
1 0.401574 0.758584 0.141785 0.070781
4 0.660175 0.813366 0.018143 0.025844
4 0.729821 0.509578 0.283874 0.259394
0 0.866906 0.154094 0.194350 0.279775
4 0.871816 0.155803 0.098161 0.203844
3 0.635740 0.248831 0.177668 0.135438
3 0.590099 0.142462 0.131534 0.037625
1 0.264700 0.308337 0.134475 0.080700
1 0.241157 0.204037 0.195372 0.104675
1 0.337359 0.053872 0.087399 0.080706
1 0.310848 0.859897 0.118735 0.086669
1 0.174215 0.910131 0.190224 0.131612
0 0.669157 0.719306 0.156664 0.270887
