0 0.405103 0.811337 0.131695 0.219463
0 0.468592 0.506788 0.140700 0.112288
1 0.326318 0.097291 0.162233 0.132056
1 0.736547 0.465303 0.285471 0.303231
1 0.218161 0.718656 0.049058 0.109438
0 0.416964 0.671644 0.099794 0.058712
4 0.424327 0.673066 0.042538 0.035344
4 0.416552 0.803322 0.087525 0.167019
1 0.513892 0.742613 0.051534 0.080950
1 0.190785 0.486712 0.304296 0.267325
1 0.181103 0.277084 0.156825 0.132544
1 0.803139 0.100375 0.224269 0.185737
1 0.569668 0.231962 0.192233 0.146787
4 0.475040 0.400931 0.044987 0.088925
0 0.591215 0.695013 0.091650 0.106600
0 0.468233 0.390022 0.132520 0.118569
