0 0.579462 0.256188 0.092556 0.188125
0 0.436964 0.464813 0.186502 0.153338
0 0.713099 0.646150 0.173821 0.121613
4 0.588251 0.257678 0.058081 0.149919
4 0.467596 0.469166 0.085076 0.120281
4 0.451646 0.306703 0.125157 0.144219
0 0.433650 0.302144 0.180771 0.170437
0 0.348646 0.826759 0.085202 0.225244
0 0.244332 0.824747 0.121578 0.142881
0 0.777668 0.214825 0.146188 0.124837
0 0.664780 0.232647 0.073668 0.145956
1 0.926247 0.090544 0.085067 0.097475
1 0.646901 0.062041 0.069534 0.111156
4 0.459888 0.118356 0.106789 0.120338
0 0.449377 0.113803 0.160762 0.178531
4 0.672094 0.230887 0.052350 0.095200
4 0.777614 0.207516 0.085076 0.073531
4 0.260161 0.832094 0.088610 0.104113
4 0.351045 0.835263 0.059076 0.130237
0 0.708659 0.823044 0.187327 0.230862
4 0.709888 0.816775 0.089982 0.197800
4 0.716839 0.655169 0.095704 0.093487
1 0.563498 0.657469 0.065471 0.103813
