4 0.147924 0.757378 0.060529 0.088356
0 0.156924 0.761081 0.129238 0.142512
3 0.325184 0.599019 0.107157 0.141938
3 0.096964 0.586194 0.082610 0.109450
3 0.758722 0.524628 0.066251 0.183556
4 0.770090 0.151537 0.084251 0.151062
3 0.217619 0.437981 0.183238 0.050162
0 0.192224 0.140603 0.223803 0.229019
0 0.872552 0.142987 0.102251 0.208063
0 0.473036 0.772944 0.198682 0.166238
4 0.196641 0.141344 0.154897 0.168112
0 0.750444 0.150684 0.138215 0.196094
4 0.870296 0.114769 0.088341 0.110588
1 0.470906 0.886844 0.119175 0.057438
1 0.560081 0.046875 0.050386 0.061300
1 0.522906 0.085044 0.039982 0.046250
3 0.842404 0.784737 0.148879 0.164737
4 0.455081 0.766213 0.110430 0.120850
1 0.290664 0.738278 0.041722 0.079806
