0 0.158085 0.252719 0.134969 0.174813
1 0.725565 0.384375 0.052260 0.066500
1 0.667906 0.374281 0.053964 0.072437
4 0.752341 0.077091 0.114511 0.067831
4 0.648865 0.077375 0.061354 0.072962
0 0.761744 0.086500 0.141516 0.149350
1 0.216704 0.067222 0.049085 0.058431
0 0.165919 0.538737 0.186099 0.183837
4 0.150924 0.110684 0.067480 0.086456
4 0.155013 0.243694 0.097471 0.137763
0 0.146493 0.101509 0.111785 0.123506
0 0.640726 0.085359 0.098978 0.118569
0 0.347874 0.538425 0.175193 0.183837
0 0.365022 0.858141 0.179193 0.205456
0 0.845274 0.843716 0.139175 0.199119
4 0.844628 0.842150 0.094296 0.136175
4 0.688130 0.854025 0.142574 0.133012
0 0.680744 0.855609 0.186888 0.189219
4 0.374794 0.861109 0.112475 0.140131
3 0.170013 0.867050 0.144852 0.150425
4 0.342130 0.532563 0.121336 0.151538
4 0.177511 0.531850 0.134287 0.146313
