0 0.431193 0.558944 0.109955 0.107162
0 0.848359 0.640069 0.184538 0.215475
4 0.218516 0.889112 0.137426 0.100325
4 0.336309 0.878853 0.057265 0.107169
4 0.433247 0.542244 0.040897 0.072437
4 0.651054 0.872956 0.115830 0.121075
0 0.646148 0.879112 0.182574 0.185375
4 0.858170 0.631488 0.117794 0.163488
4 0.876825 0.465606 0.056933 0.095763
0 0.867009 0.457053 0.133498 0.149806
3 0.073215 0.591609 0.039543 0.077431
3 0.122296 0.542444 0.061345 0.047500
4 0.481870 0.425347 0.079758 0.156281
0 0.465161 0.420834 0.155435 0.167206
4 0.858762 0.148972 0.176682 0.243406
0 0.857534 0.149259 0.184054 0.250819
1 0.147108 0.027178 0.114843 0.054356
0 0.489529 0.702712 0.112870 0.110588
0 0.202973 0.883697 0.171776 0.178419
4 0.501740 0.699941 0.033130 0.073206
3 0.563794 0.078300 0.117794 0.032838
3 0.126000 0.261284 0.074601 0.033519
0 0.341668 0.877881 0.101435 0.171013
