0 0.462511 0.194309 0.165525 0.280856
4 0.454933 0.190966 0.108789 0.180556
4 0.302058 0.251456 0.126610 0.135600
0 0.291399 0.235900 0.166601 0.202937
0 0.434547 0.813753 0.228000 0.336244
4 0.757108 0.532222 0.125067 0.149569
0 0.770112 0.490550 0.255632 0.276363
4 0.884489 0.714731 0.083166 0.114237
4 0.748946 0.712506 0.085570 0.107550
4 0.628596 0.727831 0.094359 0.131513
0 0.620583 0.730334 0.139103 0.165506
4 0.416964 0.859913 0.078682 0.195262
4 0.497045 0.753269 0.077300 0.160213
4 0.149897 0.878822 0.102484 0.146044
0 0.150471 0.881228 0.198054 0.211844
4 0.849063 0.414422 0.081570 0.090156
4 0.273798 0.527162 0.105552 0.168513
0 0.274274 0.518134 0.227417 0.224019
4 0.819700 0.255262 0.055309 0.080338
0 0.815390 0.250622 0.107910 0.150919
3 0.832695 0.067653 0.122610 0.029256
0 0.886009 0.731563 0.163928 0.168850
0 0.746753 0.721141 0.111946 0.149344
