4 0.876507 0.115906 0.117067 0.117688
0 0.201444 0.144997 0.200556 0.218669
4 0.202386 0.144325 0.190924 0.211975
0 0.727771 0.147003 0.166969 0.209306
4 0.727771 0.147003 0.157372 0.201281
0 0.449628 0.469894 0.247578 0.224688
4 0.450780 0.479122 0.155444 0.146844
1 0.618417 0.365150 0.031507 0.047075
0 0.725888 0.493866 0.228583 0.171819
4 0.734206 0.504778 0.179928 0.115631
4 0.878139 0.496184 0.037318 0.069656
0 0.363516 0.716738 0.167121 0.219000
4 0.363915 0.716738 0.156726 0.211200
0 0.500655 0.684697 0.097561 0.167181
4 0.499466 0.684144 0.088780 0.164962
0 0.670009 0.713172 0.209507 0.229031
4 0.679561 0.700913 0.160197 0.187800
0 0.865283 0.670097 0.171265 0.143956
4 0.871946 0.665222 0.128610 0.091481
0 0.883130 0.118916 0.142978 0.173194
0 0.883197 0.502219 0.084009 0.134687
