1 0.460354 0.069262 0.159130 0.130400
4 0.878525 0.768853 0.055309 0.115631
0 0.217982 0.735656 0.179283 0.214062
0 0.519910 0.778997 0.199462 0.328494
4 0.506987 0.804056 0.087910 0.247012
4 0.584807 0.689044 0.048646 0.084050
4 0.785892 0.842459 0.107283 0.137456
4 0.370821 0.855528 0.054143 0.079656
0 0.370318 0.855672 0.095614 0.144794
1 0.236318 0.906266 0.055919 0.052406
1 0.268709 0.860578 0.055139 0.046494
4 0.104480 0.916869 0.093964 0.102625
0 0.103480 0.915941 0.146601 0.158356
4 0.193973 0.751222 0.061973 0.141169
4 0.260946 0.700838 0.039991 0.050613
1 0.230296 0.501387 0.049309 0.052938
