0 0.826166 0.206228 0.145928 0.195969
4 0.701812 0.525081 0.088233 0.138662
0 0.582094 0.222506 0.183238 0.148150
0 0.363623 0.209341 0.078852 0.164469
0 0.231193 0.216528 0.183247 0.176081
4 0.244520 0.219044 0.135498 0.130025
4 0.356695 0.213241 0.061085 0.123831
4 0.577278 0.219694 0.126610 0.092875
4 0.839825 0.209709 0.098628 0.146281
0 0.219897 0.434209 0.165534 0.220669
4 0.223498 0.419722 0.102350 0.158256
0 0.745906 0.483044 0.255184 0.322275
4 0.797991 0.438284 0.115265 0.127806
1 0.870345 0.378513 0.037318 0.095662
2 0.932188 0.096494 0.035318 0.080337
2 0.932224 0.350166 0.035695 0.424494
2 0.931274 0.644069 0.053309 0.014700
2 0.934628 0.795087 0.055175 0.285875
1 0.506170 0.698925 0.026583 0.045400
1 0.479013 0.715059 0.026960 0.037894
3 0.187117 0.906819 0.208709 0.039562
0 0.645233 0.723819 0.159130 0.118137
4 0.650812 0.715725 0.098395 0.094200
0 0.813955 0.752234 0.173525 0.177206
4 0.826354 0.745272 0.121552 0.133181
