4 0.129516 0.841544 0.064969 0.131962
1 0.409857 0.090672 0.053668 0.094056
3 0.203170 0.302400 0.123274 0.088237
0 0.125350 0.835741 0.143274 0.210906
4 0.861135 0.826569 0.145534 0.179988
0 0.847960 0.824066 0.202287 0.218444
4 0.867278 0.663122 0.050664 0.062594
0 0.867852 0.653094 0.114000 0.117962
4 0.610525 0.858822 0.073964 0.060831
4 0.501906 0.885288 0.093964 0.138850
0 0.439067 0.347678 0.180592 0.248444
4 0.436399 0.349303 0.165928 0.242406
0 0.829951 0.354134 0.191112 0.258569
4 0.829152 0.353853 0.179919 0.246869
0 0.492910 0.878325 0.131937 0.212225
0 0.327650 0.627513 0.151265 0.248913
0 0.615215 0.844425 0.107327 0.148137
4 0.334314 0.627744 0.091300 0.190862
