1 0.319933 0.085981 0.043184 0.046250
1 0.632996 0.071212 0.045578 0.062413
1 0.376709 0.069822 0.047982 0.047369
1 0.945821 0.648478 0.042386 0.083031
0 0.839094 0.683331 0.165256 0.173213
4 0.846422 0.670097 0.098619 0.110519
4 0.506108 0.673606 0.125704 0.121037
4 0.486915 0.835103 0.144897 0.127056
0 0.483081 0.839112 0.196709 0.184562
0 0.493637 0.671937 0.187112 0.148450
1 0.725274 0.457409 0.035982 0.100306
1 0.550686 0.407953 0.038646 0.072906
1 0.467067 0.384956 0.042009 0.076138
4 0.873695 0.088488 0.043982 0.054613
4 0.761341 0.179878 0.127937 0.234044
4 0.687489 0.870706 0.101955 0.114237
0 0.685161 0.865600 0.162592 0.150462
0 0.776574 0.179078 0.289543 0.288031
1 0.577422 0.084306 0.038377 0.051825
