4 0.393583 0.211366 0.051973 0.108106
3 0.218498 0.081722 0.050520 0.058319
0 0.251650 0.217213 0.191910 0.177762
4 0.270834 0.222228 0.139139 0.105319
0 0.401179 0.210803 0.102359 0.169406
0 0.813798 0.189628 0.193516 0.225131
4 0.820197 0.195759 0.137543 0.167181
3 0.256439 0.453494 0.137543 0.148788
0 0.784610 0.449313 0.205507 0.248537
4 0.792610 0.448197 0.143139 0.186119
0 0.275233 0.742428 0.195919 0.240731
4 0.283229 0.739084 0.114350 0.170519
3 0.597103 0.675831 0.060753 0.089712
3 0.824991 0.739644 0.124744 0.192812
2 0.477946 0.967003 0.356646 0.043469
2 0.939457 0.774516 0.059489 0.331006
