0 0.672224 0.268819 0.171336 0.166587
0 0.736099 0.492125 0.316682 0.263625
4 0.464323 0.268878 0.149238 0.149256
4 0.507848 0.111922 0.109166 0.147331
0 0.470543 0.175606 0.222466 0.351213
0 0.168238 0.767516 0.211507 0.236531
1 0.897466 0.418791 0.033587 0.073556
4 0.678498 0.106625 0.140942 0.138662
4 0.663996 0.265509 0.098108 0.130956
4 0.337888 0.422469 0.056655 0.082812
4 0.246000 0.506725 0.127121 0.156963
1 0.379740 0.590472 0.054978 0.050694
1 0.544112 0.592600 0.074969 0.053400
0 0.260448 0.491250 0.255964 0.245375
4 0.787063 0.474431 0.150179 0.157013
4 0.662673 0.534712 0.083193 0.105300
4 0.133018 0.783806 0.054700 0.139763
0 0.676426 0.096516 0.178251 0.176219
4 0.211224 0.726966 0.047973 0.064869
4 0.665587 0.836969 0.129543 0.189912
4 0.770179 0.729309 0.050852 0.124369
0 0.693229 0.803344 0.272915 0.318563
