1 0.631040 0.891000 0.044143 0.046812
4 0.868538 0.128672 0.112269 0.139094
0 0.156534 0.847875 0.152583 0.196000
4 0.468108 0.101128 0.091767 0.130344
0 0.865179 0.128666 0.143937 0.197956
4 0.148852 0.273450 0.192879 0.129062
0 0.456462 0.102772 0.153534 0.173869
4 0.631520 0.188856 0.150646 0.196600
1 0.056036 0.737731 0.053776 0.054838
1 0.140982 0.720012 0.043184 0.040787
0 0.323323 0.835709 0.177570 0.240044
0 0.834422 0.477069 0.155552 0.188575
0 0.626242 0.183841 0.174637 0.257456
4 0.292789 0.244012 0.083480 0.095650
0 0.186753 0.259072 0.320502 0.212644
4 0.148372 0.580384 0.090197 0.133069
4 0.262081 0.548622 0.119946 0.128394
0 0.225628 0.559991 0.265785 0.235381
4 0.576341 0.593094 0.032628 0.099638
4 0.614726 0.573031 0.032628 0.060850
0 0.589300 0.592756 0.137220 0.165837
4 0.812404 0.449319 0.034547 0.062187
4 0.856063 0.476069 0.041256 0.121037
4 0.331655 0.843187 0.113229 0.201275
4 0.169484 0.849875 0.122825 0.125050
1 0.646874 0.814769 0.056619 0.048150
