4 0.293534 0.184681 0.034816 0.112088
4 0.187188 0.192206 0.110646 0.083163
4 0.832430 0.166194 0.124359 0.146750
4 0.357372 0.475294 0.089543 0.115550
4 0.505776 0.467206 0.117722 0.092437
4 0.640085 0.464903 0.111094 0.106319
4 0.912852 0.394987 0.046422 0.167550
4 0.572933 0.678669 0.089543 0.157150
3 0.839892 0.678066 0.175103 0.171944
1 0.612063 0.054084 0.061686 0.069331
1 0.593161 0.128269 0.063668 0.062400
1 0.684691 0.199675 0.091534 0.063775
1 0.729462 0.058228 0.053722 0.052669
3 0.467803 0.628147 0.059695 0.085969
0 0.567291 0.677997 0.119390 0.197044
0 0.346426 0.474925 0.135309 0.181650
0 0.496937 0.466556 0.149803 0.195613
0 0.171498 0.192688 0.147587 0.149875
0 0.826960 0.162866 0.169130 0.212294
0 0.650883 0.460475 0.154305 0.205450
0 0.299323 0.185856 0.099471 0.166087
1 0.362942 0.110347 0.029345 0.052131
0 0.901211 0.400316 0.126547 0.223869
