4 0.893619 0.818372 0.039794 0.079731
0 0.880462 0.294375 0.133785 0.090975
1 0.649390 0.849187 0.025345 0.031250
1 0.270489 0.333216 0.041570 0.042531
1 0.273426 0.277850 0.040305 0.065000
1 0.670691 0.094088 0.130117 0.032900
0 0.877148 0.410550 0.145686 0.137350
0 0.440112 0.405272 0.150897 0.207994
0 0.550381 0.636953 0.189031 0.213769
0 0.149937 0.894638 0.167480 0.165237
0 0.571937 0.890012 0.132646 0.125950
0 0.891130 0.816059 0.127677 0.153681
4 0.572238 0.889787 0.083507 0.061700
4 0.134193 0.908503 0.036457 0.063556
4 0.182269 0.855350 0.033166 0.049688
4 0.552049 0.635797 0.126036 0.142131
4 0.886157 0.411047 0.077928 0.064706
4 0.891960 0.301850 0.043112 0.049688
4 0.453377 0.406428 0.087883 0.147906
