0 0.602242 0.162828 0.139193 0.146444
0 0.597915 0.051487 0.126664 0.068212
0 0.194888 0.190247 0.209184 0.177206
4 0.728619 0.607916 0.060933 0.085994
1 0.261578 0.452975 0.102709 0.083975
3 0.371247 0.859425 0.078296 0.136600
3 0.261570 0.886900 0.085525 0.087075
4 0.643395 0.626466 0.095632 0.126319
0 0.669614 0.633428 0.263767 0.174144
3 0.824547 0.728078 0.033094 0.045906
4 0.601700 0.062897 0.037767 0.026706
4 0.596700 0.151516 0.036646 0.092494
4 0.255740 0.162738 0.028879 0.025925
4 0.161614 0.192728 0.102726 0.106031
1 0.629740 0.447947 0.092735 0.091719
1 0.391794 0.430725 0.124395 0.090550
