3 0.426170 0.656753 0.126673 0.175869
2 0.940435 0.799509 0.037354 0.374969
0 0.878188 0.630512 0.090655 0.204737
0 0.737426 0.648091 0.186780 0.235144
4 0.874780 0.629803 0.077022 0.115906
4 0.741861 0.654028 0.149283 0.161506
3 0.698910 0.895819 0.036135 0.083600
2 0.321543 0.968262 0.191552 0.033250
2 0.145332 0.967075 0.148601 0.038475
0 0.184188 0.661628 0.209955 0.226594
4 0.186888 0.664250 0.126673 0.175875
3 0.572031 0.628375 0.128045 0.119375
0 0.906942 0.363662 0.077973 0.219188
0 0.771677 0.386416 0.188556 0.260056
4 0.903946 0.358319 0.030655 0.160213
4 0.795659 0.394306 0.123283 0.209900
0 0.294197 0.381053 0.260395 0.224019
4 0.272839 0.393266 0.127722 0.115319
4 0.370578 0.333281 0.034430 0.057275
4 0.868359 0.091163 0.027318 0.068725
0 0.869027 0.091394 0.063309 0.137925
0 0.743413 0.125969 0.183919 0.221062
4 0.749413 0.136672 0.161265 0.170894
0 0.187987 0.119256 0.245892 0.230800
4 0.179659 0.122506 0.171928 0.147212
