3 0.231578 0.930184 0.227031 0.032331
1 0.112910 0.081366 0.075704 0.110231
0 0.172534 0.216522 0.162233 0.237994
4 0.177987 0.227925 0.106341 0.154388
1 0.279139 0.081591 0.134278 0.160131
0 0.398314 0.094022 0.125973 0.158469
1 0.521646 0.084828 0.135901 0.169656
4 0.695300 0.241747 0.079749 0.100231
0 0.691547 0.238659 0.124063 0.174806
3 0.848327 0.252909 0.132242 0.133006
3 0.871848 0.084509 0.036126 0.086931
4 0.883874 0.420222 0.048520 0.095344
0 0.885027 0.422991 0.103489 0.141906
1 0.797170 0.390566 0.054879 0.053769
4 0.599906 0.424100 0.042161 0.108650
0 0.602691 0.426041 0.133632 0.145781
3 0.482578 0.583466 0.063632 0.140244
3 0.119861 0.535516 0.106592 0.177381
3 0.132148 0.771009 0.072368 0.068906
1 0.563758 0.922881 0.252951 0.147000
1 0.686413 0.642175 0.150816 0.096450
4 0.400565 0.088078 0.059713 0.106594
