0 0.596004 0.562953 0.163058 0.169619
4 0.193408 0.250787 0.085901 0.126388
0 0.195300 0.243469 0.152753 0.183587
4 0.369511 0.256441 0.069677 0.069844
0 0.368561 0.259103 0.113587 0.141681
4 0.520807 0.241144 0.076359 0.120400
4 0.683547 0.252450 0.090682 0.112413
4 0.789978 0.233828 0.072547 0.116406
0 0.515076 0.238484 0.156538 0.190906
0 0.668753 0.243803 0.133632 0.184256
0 0.794274 0.230831 0.109767 0.174275
4 0.258744 0.565450 0.131247 0.106987
4 0.096480 0.595106 0.042161 0.047675
0 0.092498 0.591225 0.097839 0.110863
0 0.249197 0.556856 0.194879 0.181813
4 0.601969 0.562125 0.084314 0.116962
0 0.742395 0.561719 0.125973 0.167063
0 0.842601 0.559497 0.070009 0.118956
4 0.753574 0.569184 0.086305 0.111606
4 0.840525 0.561722 0.042197 0.081531
4 0.156197 0.872881 0.085507 0.108087
0 0.162830 0.872650 0.142520 0.200937
1 0.474040 0.750931 0.063632 0.108088
4 0.689139 0.736150 0.057668 0.099775
4 0.619538 0.774028 0.048386 0.051731
0 0.654668 0.751625 0.186269 0.175075
