4 0.488381 0.420559 0.085623 0.136656
4 0.388399 0.438847 0.092242 0.123181
0 0.372933 0.431916 0.129812 0.201706
0 0.556323 0.620206 0.177865 0.165088
0 0.171973 0.631688 0.180448 0.186250
0 0.187857 0.846541 0.145004 0.189206
1 0.294377 0.374163 0.032735 0.030425
0 0.503018 0.418637 0.121516 0.180538
1 0.307605 0.342581 0.025525 0.028875
0 0.451350 0.844247 0.171202 0.190506
4 0.186937 0.616837 0.123830 0.128312
4 0.203507 0.856141 0.086996 0.114844
1 0.623709 0.711175 0.027704 0.033788
1 0.583484 0.719806 0.036224 0.035088
4 0.553283 0.615416 0.081202 0.097006
4 0.445291 0.853694 0.097220 0.137038
4 0.316314 0.862550 0.056897 0.086225
0 0.314655 0.862934 0.098870 0.143969
