0 0.353126 0.077278 0.039758 0.072281
4 0.265919 0.203156 0.018655 0.016938
4 0.266121 0.227441 0.007238 0.033619
0 0.267942 0.224391 0.039184 0.091556
4 0.271265 0.250359 0.008843 0.012219
4 0.349408 0.060631 0.015587 0.019363
4 0.351821 0.079725 0.005381 0.025800
4 0.354197 0.097169 0.008072 0.010688
1 0.468256 0.369269 0.191256 0.160675
1 0.736233 0.528441 0.255892 0.205069
1 0.421991 0.595872 0.255928 0.210644
4 0.200982 0.561647 0.033318 0.057081
4 0.159565 0.623563 0.047668 0.060950
0 0.173677 0.592928 0.182332 0.196394
0 0.126650 0.802159 0.163919 0.132056
1 0.489260 0.774178 0.257085 0.145519
1 0.856646 0.883419 0.147713 0.160600
