1 0.811242 0.090216 0.164726 0.124269
0 0.395821 0.168234 0.107946 0.173306
4 0.406314 0.615900 0.050852 0.055500
3 0.875408 0.660716 0.048646 0.122131
3 0.838430 0.837841 0.153274 0.147694
3 0.550888 0.874050 0.128610 0.166250
0 0.136942 0.903656 0.109435 0.156688
4 0.143529 0.902100 0.054646 0.071050
1 0.160614 0.624525 0.155489 0.102550
0 0.321785 0.732372 0.250386 0.337831
4 0.256794 0.848953 0.017121 0.019994
4 0.284314 0.784078 0.114457 0.108331
4 0.325709 0.661034 0.102682 0.133744
1 0.649309 0.462466 0.080771 0.110894
1 0.711686 0.341259 0.064771 0.102531
3 0.410614 0.406459 0.084762 0.171631
3 0.122740 0.460234 0.123148 0.095294
1 0.679300 0.207519 0.108753 0.083587
1 0.296265 0.191356 0.076762 0.082475
4 0.402614 0.179378 0.044780 0.112006
