3 0.673830 0.574847 0.078888 0.032431
4 0.196233 0.447075 0.058332 0.109475
0 0.186955 0.440378 0.123291 0.176456
0 0.442489 0.432525 0.169031 0.190312
0 0.573072 0.379866 0.081534 0.170919
4 0.572740 0.380791 0.051704 0.096081
4 0.466350 0.440609 0.114673 0.146431
3 0.854453 0.383328 0.090143 0.096544
3 0.864399 0.239438 0.121964 0.121025
3 0.492534 0.665800 0.112691 0.200475
4 0.155803 0.846644 0.160413 0.191700
0 0.159448 0.846872 0.223381 0.267919
3 0.660565 0.852650 0.131910 0.212025
3 0.806395 0.632078 0.199516 0.052656
