0 0.500600 0.249206 0.205499 0.182840
0 0.801697 0.684542 0.182615 0.178145
0 0.517329 0.439410 0.156755 0.164451
0 0.540011 0.090886 0.204227 0.181772
0 0.314579 0.676973 0.134898 0.151943
0 0.103579 0.214286 0.165342 0.184362
0 0.683552 0.810513 0.217149 0.264619
0 0.124327 0.457468 0.165359 0.165967
0 0.312514 0.083713 0.204593 0.167353
0 0.234844 0.758615 0.123183 0.134918
0 0.863802 0.069912 0.121894 0.137504
1 0.746642 0.418241 0.084582 0.097521
1 0.712066 0.113911 0.057856 0.071186
1 0.641627 0.444700 0.037570 0.076288
1 0.067832 0.548769 0.062053 0.060645
1 0.849509 0.434198 0.120101 0.115837
