0 0.160480 0.587751 0.170472 0.187025
0 0.756941 0.394523 0.210842 0.187197
0 0.431421 0.110654 0.193125 0.171476
0 0.900812 0.573169 0.170032 0.187824
0 0.594590 0.131236 0.151507 0.167776
0 0.177581 0.126501 0.223502 0.190097
0 0.859339 0.704426 0.157380 0.164080
0 0.370350 0.555181 0.105323 0.101809
0 0.728469 0.249672 0.084824 0.078963
0 0.876782 0.075877 0.091056 0.098605
0 0.779871 0.103097 0.131588 0.133673
1 0.371429 0.843237 0.090981 0.086767
0 0.824381 0.251239 0.068147 0.070525
0 0.853331 0.223754 0.061903 0.055270
1 0.766589 0.699653 0.055764 0.059401
