0 0.458622 0.088188 0.174744 0.176376
0 0.311952 0.739163 0.169911 0.186425
0 0.126646 0.538591 0.134111 0.156230
0 0.447052 0.714137 0.133484 0.165556
0 0.667663 0.532833 0.154143 0.161115
0 0.811746 0.711266 0.133898 0.126389
0 0.227915 0.502386 0.132195 0.154950
0 0.859169 0.657595 0.084644 0.066016
0 0.682137 0.904287 0.093464 0.089410
0 0.817199 0.542003 0.120500 0.120813
0 0.901893 0.121699 0.179952 0.169356
0 0.284032 0.899054 0.125520 0.122291
0 0.769182 0.900201 0.078639 0.069081
0 0.391373 0.302978 0.092832 0.072928
1 0.494229 0.838164 0.088311 0.077530
0 0.853421 0.463622 0.077368 0.042447
