0 0.472674 0.199572 0.195474 0.264185
0 0.714438 0.387068 0.218833 0.178199
0 0.138069 0.083374 0.153915 0.164470
0 0.635710 0.755012 0.149931 0.157461
0 0.476654 0.553614 0.122567 0.122881
0 0.845296 0.190783 0.182800 0.197582
0 0.142303 0.576775 0.150887 0.165210
0 0.530268 0.433805 0.161438 0.133733
0 0.128226 0.392498 0.140889 0.134034
0 0.488410 0.754433 0.106503 0.103160
0 0.858350 0.729038 0.098222 0.112037
0 0.791475 0.776017 0.135553 0.143177
0 0.723220 0.552240 0.090690 0.090944
0 0.485784 0.927053 0.130991 0.139084
0 0.827074 0.593024 0.108830 0.112672
0 0.846857 0.347364 0.122999 0.124281
0 0.307824 0.057080 0.106722 0.096488
0 0.856324 0.520613 0.083444 0.068942
0 0.191550 0.312130 0.097449 0.094443
0 0.856687 0.052978 0.131444 0.103717
1 0.065387 0.641574 0.080137 0.100809
