0 0.405094 0.117479 0.188817 0.200213
0 0.446942 0.869505 0.167344 0.159978
0 0.278340 0.608029 0.164081 0.170224
0 0.155461 0.665825 0.171920 0.179157
0 0.836247 0.641241 0.131648 0.166607
0 0.167619 0.885375 0.194059 0.181667
0 0.137693 0.286772 0.198416 0.187431
0 0.141799 0.116628 0.170102 0.165793
0 0.832404 0.120368 0.178260 0.203662
0 0.772584 0.888873 0.119487 0.136688
0 0.598565 0.122187 0.161493 0.176656
0 0.857553 0.848859 0.103110 0.120268
0 0.246601 0.425642 0.142987 0.131868
0 0.355856 0.308851 0.170109 0.131917
0 0.388793 0.931281 0.064600 0.045632
