0 0.520840 0.739709 0.190739 0.152919
0 0.781310 0.339109 0.152722 0.178552
0 0.901815 0.810108 0.135338 0.169370
0 0.154098 0.417521 0.124073 0.170408
0 0.547509 0.355269 0.134067 0.196897
0 0.685483 0.378919 0.100697 0.123493
0 0.533561 0.891332 0.118706 0.114027
0 0.143745 0.615920 0.114888 0.116329
0 0.142813 0.738655 0.116115 0.105572
1 0.646972 0.180538 0.096171 0.083684
1 0.217382 0.167855 0.127991 0.112002
1 0.324737 0.195491 0.070193 0.065457
1 0.378412 0.188217 0.057807 0.048004
1 0.481632 0.184580 0.090842 0.043634