0 0.468825 0.557540 0.182901 0.208096
0 0.464639 0.780874 0.173756 0.196190
0 0.144956 0.171015 0.156986 0.169043
0 0.105513 0.590868 0.164123 0.184740
0 0.282128 0.130084 0.155762 0.188423
0 0.111734 0.818645 0.147930 0.200396
0 0.843244 0.551116 0.185903 0.185432
0 0.445466 0.308218 0.129590 0.127960
0 0.448368 0.182624 0.150735 0.137006
0 0.702431 0.523965 0.079533 0.092803
0 0.845138 0.710753 0.156623 0.141433
0 0.775837 0.199348 0.126696 0.134106
0 0.640165 0.610889 0.136211 0.181257
0 0.474256 0.096799 0.093973 0.071510
0 0.427836 0.407111 0.088455 0.072675
1 0.760657 0.321520 0.080563 0.113636
