0 0.484031 0.683670 0.146313 0.183280
0 0.783570 0.465934 0.175480 0.191946
0 0.115122 0.837122 0.168439 0.178965
0 0.500522 0.886698 0.162226 0.176727
0 0.236160 0.456483 0.142031 0.171283
0 0.857564 0.638464 0.131180 0.150387
0 0.349152 0.622755 0.124881 0.130545
0 0.860299 0.385915 0.106734 0.120301
0 0.563066 0.605200 0.103651 0.099801
0 0.865302 0.114379 0.078815 0.122041
0 0.176688 0.129535 0.143515 0.163762
0 0.465610 0.077621 0.082428 0.084239
0 0.394251 0.117770 0.122226 0.138180
0 0.323743 0.406807 0.113636 0.121276
1 0.748787 0.285450 0.058250 0.072221
