0 0.645314 0.619293 0.148894 0.145716
0 0.553789 0.710333 0.134825 0.154938
0 0.170322 0.907029 0.134837 0.150892
0 0.711393 0.402637 0.115769 0.128886
0 0.396798 0.587818 0.110972 0.110986
0 0.419270 0.747908 0.087225 0.137667
0 0.049115 0.428487 0.080648 0.119120
0 0.722635 0.296679 0.099842 0.105616
0 0.325457 0.149777 0.111385 0.108191
0 0.349307 0.067023 0.101490 0.094851
0 0.189314 0.350071 0.095810 0.156334
1 0.471929 0.273558 0.096102 0.122190
1 0.032026 0.293264 0.064053 0.051424
1 0.158075 0.445765 0.076526 0.043834
