0 0.477787 0.824673 0.178914 0.199647
0 0.436789 0.115565 0.185948 0.196480
0 0.669411 0.685377 0.216112 0.190144
0 0.152380 0.192724 0.104835 0.130132
0 0.228665 0.297247 0.117775 0.128686
0 0.193487 0.094807 0.109860 0.143295
0 0.848153 0.193695 0.092612 0.143632
1 0.678406 0.481856 0.128243 0.182307
0 0.894766 0.103787 0.095978 0.147766
0 0.824725 0.656886 0.122491 0.123819
0 0.205854 0.457988 0.107318 0.159338
0 0.851729 0.397958 0.115519 0.103589
0 0.129614 0.668867 0.101253 0.098998
0 0.803284 0.488437 0.172526 0.160093
1 0.301790 0.657217 0.086832 0.093966
1 0.585319 0.119381 0.048066 0.090020
