0 0.441855 0.140338 0.195873 0.266768
0 0.149724 0.105327 0.244743 0.206371
0 0.805581 0.251310 0.186514 0.249982
0 0.733965 0.741098 0.132358 0.146544
0 0.256198 0.268414 0.113213 0.142818
0 0.851937 0.705846 0.133072 0.170731
0 0.318396 0.237396 0.094759 0.105672
0 0.508465 0.706576 0.140536 0.146661
0 0.212902 0.756664 0.139089 0.142648
1 0.302827 0.713112 0.065014 0.087732
0 0.386139 0.721019 0.127185 0.143097
0 0.856930 0.081270 0.129527 0.149652
0 0.623799 0.208049 0.072675 0.073938
1 0.757291 0.067354 0.038958 0.064298
