0 0.654672 0.576963 0.144016 0.144070
0 0.168696 0.601487 0.167706 0.143205
0 0.876767 0.626269 0.145609 0.204346
0 0.835829 0.783798 0.132696 0.183165
0 0.556794 0.304310 0.106187 0.148728
0 0.236728 0.537168 0.109487 0.095643
0 0.852798 0.242205 0.110155 0.137119
0 0.667206 0.382451 0.080941 0.066265
0 0.671605 0.272592 0.050592 0.070886
1 0.216408 0.255211 0.065638 0.066915
0 0.315103 0.850954 0.126053 0.133477
0 0.315599 0.808992 0.140947 0.217524
0 0.783046 0.298726 0.049338 0.046586
1 0.417272 0.517129 0.121737 0.052523
1 0.423718 0.663086 0.071606 0.073735
1 0.512512 0.906523 0.040103 0.033338
