0 0.150388 0.610220 0.115881 0.153665
0 0.475417 0.613039 0.129826 0.156084
0 0.152193 0.165499 0.124688 0.163713
0 0.142492 0.422442 0.089337 0.137162
0 0.812500 0.204451 0.138726 0.182990
0 0.491420 0.403658 0.092674 0.117732
0 0.824006 0.454216 0.141333 0.215879
0 0.881402 0.114006 0.107797 0.158790
1 0.504386 0.113679 0.079141 0.086355
0 0.273070 0.880764 0.076038 0.060556
1 0.892801 0.893318 0.121238 0.160910
1 0.328284 0.108222 0.036589 0.040515
0 0.326849 0.985920 0.092391 0.027468
1 0.681028 0.689705 0.185981 0.166960
