0 0.336563 0.883139 0.216713 0.226490
0 0.875213 0.330964 0.123379 0.138707
0 0.838745 0.088749 0.093066 0.099100
0 0.109417 0.403281 0.089652 0.113052
0 0.903474 0.922680 0.149678 0.112808
0 0.151364 0.340423 0.087474 0.092461
0 0.179669 0.096767 0.090240 0.093645
0 0.911800 0.815651 0.148734 0.130852
0 0.569459 0.933119 0.159579 0.133441
0 0.600480 0.141505 0.103564 0.087710
0 0.329452 0.444306 0.108132 0.105898
0 0.131177 0.159760 0.112753 0.112726
0 0.664019 0.332399 0.099142 0.091608
0 0.630074 0.447304 0.122166 0.156336
0 0.606574 0.073068 0.082490 0.063019
0 0.660014 0.896701 0.110831 0.111977
0 0.515007 0.316641 0.065062 0.058593
1 0.768295 0.611762 0.270465 0.142945
1 0.881131 0.436742 0.051803 0.044331
1 0.263056 0.578225 0.128930 0.090066
