0 0.481545 0.065086 0.094526 0.089695
0 0.713673 0.767921 0.140797 0.121215
0 0.513401 0.779400 0.134538 0.175737
0 0.148899 0.214529 0.153284 0.146673
0 0.713739 0.590821 0.144228 0.186571
0 0.460922 0.164049 0.128625 0.141017
0 0.810765 0.082758 0.118825 0.112574
0 0.618664 0.099554 0.108853 0.119135
0 0.894363 0.764014 0.117649 0.136406
0 0.534281 0.606339 0.191997 0.068623
0 0.201964 0.423804 0.162010 0.197085
0 0.826736 0.547956 0.118385 0.157848
0 0.173825 0.827257 0.223052 0.250937
0 0.798932 0.382135 0.124812 0.167076
0 0.174172 0.827382 0.223120 0.251340
0 0.875989 0.348973 0.093628 0.135265