0 0.344061 0.307513 0.221700 0.046060
0 0.601850 0.472361 0.060150 0.089702
0 0.515056 0.481450 0.065305 0.098185
1 0.444596 0.382060 0.085925 0.035152
1 0.538258 0.877818 0.087653 0.078788
1 0.779723 0.869937 0.085925 0.070298
1 0.686915 0.610543 0.044685 0.050914
0 0.462753 0.097156 0.173158 0.193105
0 0.153110 0.405336 0.212513 0.213012
0 0.832701 0.651621 0.179210 0.214595
0 0.535458 0.662351 0.189938 0.197094
0 0.837867 0.389527 0.161227 0.183376
0 0.102207 0.668393 0.166633 0.181167
0 0.394668 0.602033 0.087904 0.094256
0 0.357246 0.678507 0.120474 0.144831
2 0.660776 0.310387 0.222673 0.042068
