0 0.746211 0.141450 0.091089 0.087272
0 0.829559 0.153573 0.099681 0.092126
0 0.919789 0.145089 0.094526 0.096974
0 0.835573 0.055997 0.122019 0.093331
0 0.531385 0.050543 0.077343 0.092119
0 0.180322 0.787123 0.232191 0.247851
0 0.876377 0.733953 0.129613 0.146162
0 0.154735 0.120473 0.162994 0.173511
0 0.783994 0.834179 0.187575 0.192375
0 0.511707 0.344461 0.171488 0.185951
0 0.147131 0.336285 0.172453 0.166735
0 0.527812 0.530150 0.130526 0.134917
0 0.538318 0.129435 0.107974 0.101896
0 0.334837 0.714882 0.082250 0.080015
0 0.676043 0.540559 0.137211 0.243458
0 0.292369 0.547363 0.117069 0.164454
0 0.329671 0.843620 0.072814 0.074294
0 0.292286 0.547883 0.117681 0.164872
