1 0.369836 0.598421 0.097962 0.092126
1 0.509042 0.600242 0.084207 0.090907
1 0.708399 0.746298 0.118582 0.070305
0 0.197031 0.113593 0.176116 0.176482
0 0.125294 0.737327 0.178812 0.166152
0 0.490492 0.411135 0.175762 0.155949
0 0.151615 0.428668 0.152764 0.170071
0 0.863160 0.373645 0.092810 0.095496
0 0.817700 0.462025 0.127485 0.131670
0 0.851791 0.757560 0.105705 0.121555
0 0.798848 0.849948 0.159946 0.160901
0 0.822895 0.604220 0.191138 0.090571
0 0.824792 0.155215 0.178308 0.215203
0 0.823274 0.156812 0.177037 0.212475
