0 0.224803 0.156306 0.124457 0.134513
0 0.548623 0.858075 0.147309 0.164600
0 0.213372 0.289050 0.106673 0.113275
0 0.134641 0.491703 0.167632 0.203544
0 0.288296 0.444803 0.093973 0.084956
0 0.802605 0.747456 0.177785 0.247788
0 0.365758 0.701438 0.137148 0.155750
2 0.243852 0.049228 0.253982 0.058406
2 0.537197 0.051878 0.358108 0.049556
2 0.800067 0.045684 0.177785 0.054869
0 0.109242 0.715597 0.111758 0.184069
1 0.735300 0.424447 0.398744 0.146906
0 0.104161 0.876659 0.106673 0.141594
0 0.826731 0.169581 0.129534 0.196463
0 0.453386 0.150109 0.104135 0.136281
