2 0.927054 0.284625 0.071112 0.281413
2 0.929592 0.620022 0.066036 0.265481
2 0.929592 0.850997 0.076188 0.189381
0 0.815291 0.591562 0.186278 0.169625
0 0.788655 0.358937 0.195605 0.221250
0 0.660404 0.369594 0.167623 0.182313
0 0.148610 0.356313 0.205740 0.223000
0 0.138430 0.144812 0.180359 0.143375
1 0.534655 0.142147 0.119372 0.127431
0 0.792466 0.144800 0.223498 0.143363
1 0.543547 0.338606 0.091435 0.187613
0 0.634978 0.773119 0.132072 0.129200
0 0.784798 0.770478 0.137130 0.123919
1 0.104924 0.588516 0.129525 0.175219
2 0.199404 0.053650 0.154933 0.035400
0 0.220996 0.820909 0.137148 0.115044
0 0.256960 0.583609 0.252717 0.173431
0 0.733520 0.360200 0.309857 0.217700
2 0.802605 0.047456 0.198108 0.065488
