2 0.928323 0.857191 0.088897 0.176994
2 0.933404 0.673119 0.073659 0.194688
2 0.933404 0.383738 0.073659 0.253100
2 0.929592 0.197897 0.091435 0.115044
0 0.836682 0.171344 0.106188 0.197688
2 0.805143 0.046569 0.208260 0.060175
2 0.600709 0.053650 0.241238 0.042475
0 0.789816 0.187425 0.201067 0.224188
2 0.278139 0.048341 0.292081 0.024781
0 0.813632 0.766688 0.137578 0.192500
0 0.518565 0.860031 0.186009 0.191063
0 0.131121 0.882438 0.140448 0.109125
0 0.154529 0.515006 0.233722 0.241887
1 0.481318 0.420906 0.337794 0.224775
0 0.777444 0.495250 0.196861 0.212375
0 0.766188 0.206750 0.141345 0.186375
0 0.160448 0.208813 0.203229 0.217125
