1 0.322287 0.474150 0.156628 0.219762
1 0.618596 0.777250 0.071955 0.035400
0 0.850583 0.771716 0.194439 0.201319
0 0.875632 0.174653 0.195605 0.207256
0 0.214220 0.498947 0.195973 0.220231
1 0.375202 0.738166 0.084664 0.125369
2 0.192121 0.043472 0.171435 0.063419
1 0.164610 0.769875 0.107946 0.194688
1 0.613305 0.481525 0.095238 0.205013
2 0.073601 0.853944 0.069839 0.179938
2 0.074659 0.670316 0.071955 0.190269
2 0.073601 0.137131 0.074072 0.014750
2 0.071484 0.379019 0.074072 0.253688
0 0.661982 0.710878 0.061381 0.123894
2 0.073601 0.198341 0.065605 0.110619
