2 0.551919 0.117362 0.763390 0.081650
2 0.516883 0.176284 0.637767 0.047981
2 0.518700 0.207006 0.308018 0.020200
0 0.847852 0.263825 0.222251 0.101850
0 0.847242 0.356841 0.218628 0.082494
1 0.447435 0.289922 0.100251 0.142256
1 0.162973 0.522241 0.062807 0.137206
1 0.684179 0.467947 0.061596 0.144781
1 0.814027 0.541181 0.152197 0.020200
1 0.147269 0.669550 0.079722 0.108588
1 0.609897 0.647666 0.086969 0.137206
1 0.906430 0.648928 0.124413 0.149831
1 0.624691 0.805025 0.075372 0.119188
0 0.615937 0.306712 0.234332 0.184425
