1 0.715942 0.656303 0.186233 0.109144
0 0.865166 0.214566 0.129112 0.175519
0 0.757202 0.294947 0.078350 0.064894
0 0.605740 0.503219 0.202332 0.171063
0 0.226771 0.263031 0.187892 0.221562
0 0.211973 0.858906 0.192915 0.174938
1 0.433422 0.117222 0.349175 0.134219
1 0.637646 0.768397 0.258215 0.109144
2 0.070439 0.855419 0.067695 0.179937
2 0.071484 0.673266 0.078305 0.190269
2 0.076776 0.388606 0.067722 0.255163
2 0.069368 0.198341 0.065605 0.107669
2 0.068309 0.137869 0.076188 0.016225
2 0.196354 0.040522 0.188368 0.069319
