0 0.401655 0.839197 0.103704 0.132744
0 0.328637 0.589197 0.084664 0.107669
0 0.222812 0.580347 0.063489 0.119469
0 0.474673 0.437278 0.393668 0.113569
2 0.932785 0.851731 0.082753 0.184363
2 0.934901 0.382706 0.070054 0.255163
2 0.932892 0.199816 0.074072 0.110619
0 0.191704 0.841531 0.271300 0.220938
2 0.806964 0.045684 0.198951 0.056044
0 0.816278 0.605656 0.137309 0.197187
0 0.119058 0.618281 0.131031 0.165188
0 0.787623 0.182844 0.188161 0.211187
2 0.930668 0.669578 0.078520 0.188794
2 0.215404 0.053059 0.188368 0.056044
1 0.499013 0.752175 0.205291 0.067850
0 0.781928 0.834656 0.212108 0.225812
