0 0.601664 0.370169 0.080422 0.103250
0 0.588964 0.115009 0.084655 0.115044
0 0.805906 0.468253 0.154502 0.095869
0 0.704314 0.812647 0.082547 0.085544
0 0.414354 0.427691 0.141803 0.109144
0 0.885274 0.804534 0.114296 0.089969
0 0.832359 0.871647 0.105830 0.129794
0 0.861991 0.836981 0.232807 0.213863
0 0.921471 0.115744 0.157058 0.172563
2 0.075717 0.769134 0.069839 0.364306
0 0.182601 0.134181 0.080430 0.112100
0 0.177309 0.446128 0.120646 0.137169
2 0.077834 0.327397 0.069839 0.362831
1 0.899027 0.663678 0.150269 0.132744
1 0.384722 0.592147 0.175668 0.122419
1 0.182596 0.684328 0.139686 0.097344
