2 0.193179 0.039047 0.186251 0.063419
2 0.065135 0.196128 0.065605 0.103244
2 0.070426 0.381231 0.067722 0.249262
2 0.070426 0.671791 0.067722 0.187319
2 0.069368 0.859844 0.061372 0.176987
0 0.284193 0.315597 0.101587 0.141594
0 0.210112 0.457191 0.105821 0.126844
0 0.168843 0.626069 0.124879 0.137163
0 0.533937 0.456453 0.101596 0.104719
0 0.428112 0.615744 0.118520 0.089975
0 0.830247 0.833297 0.139686 0.126844
1 0.883157 0.393031 0.080430 0.231563
1 0.410121 0.370906 0.146036 0.296463
1 0.907493 0.127544 0.171435 0.175513
