2 0.935009 0.859106 0.078305 0.178462
2 0.201646 0.054534 0.148152 0.029494
2 0.805906 0.044947 0.192601 0.063419
0 0.811197 0.143766 0.105821 0.107669
0 0.146619 0.371644 0.135462 0.227138
0 0.826013 0.362056 0.135453 0.199113
0 0.328637 0.589931 0.190475 0.209438
0 0.140274 0.844356 0.194717 0.219762
2 0.935009 0.385231 0.074072 0.255163
0 0.275726 0.796422 0.110054 0.091444
0 0.806964 0.822972 0.182018 0.200594
1 0.268332 0.101716 0.243426 0.053069
2 0.933951 0.199816 0.080422 0.110619
2 0.930776 0.676216 0.078305 0.190269
