0 0.808022 0.609109 0.112170 0.147494
2 0.202623 0.055094 0.147489 0.028700
2 0.807839 0.045369 0.191336 0.062962
2 0.930076 0.199538 0.079722 0.110188
2 0.928085 0.378241 0.073085 0.254631
2 0.928749 0.672684 0.077067 0.189819
2 0.932735 0.857406 0.077058 0.177775
2 0.417184 0.053241 0.579265 0.028706
2 0.806511 0.045369 0.191336 0.062962
2 0.932735 0.198612 0.079713 0.110188
2 0.926753 0.391203 0.073076 0.254631
2 0.931408 0.676388 0.077058 0.189812
2 0.934063 0.857406 0.077058 0.177775
0 0.148735 0.183591 0.203175 0.196169
0 0.829188 0.137128 0.133336 0.132744
0 0.732883 0.190966 0.169318 0.172569
0 0.178363 0.398194 0.182018 0.179937
0 0.145561 0.849522 0.137578 0.171094
0 0.156143 0.631231 0.112179 0.144537
