0 0.107309 0.848466 0.115803 0.191231
0 0.409408 0.715131 0.105740 0.159650
1 0.142556 0.681797 0.221543 0.128069
0 0.354022 0.855481 0.146018 0.173688
0 0.711511 0.538816 0.146018 0.115794
0 0.564233 0.886184 0.093148 0.073681
0 0.761861 0.811622 0.120834 0.177194
0 0.837386 0.719519 0.115812 0.185962
0 0.792067 0.763378 0.191327 0.266669
1 0.552906 0.666884 0.146009 0.087719
1 0.546614 0.788816 0.113283 0.085969
1 0.851229 0.923903 0.108251 0.082456
0 0.132484 0.149341 0.095659 0.087719
0 0.754309 0.192325 0.110771 0.159650
0 0.842417 0.132675 0.090628 0.103512
0 0.200453 0.331800 0.110771 0.129825
