4 0.181202 0.468344 0.057256 0.052725
1 0.884709 0.583209 0.077220 0.118419
0 0.704076 0.562225 0.127256 0.176950
0 0.700085 0.439741 0.099883 0.070269
2 0.073991 0.287722 0.043587 0.466244
1 0.611798 0.446391 0.030574 0.034469
1 0.615345 0.500606 0.024143 0.027050
4 0.164498 0.584253 0.090664 0.113531
4 0.706691 0.442556 0.044305 0.032462
2 0.837018 0.317081 0.181462 0.021537
2 0.818924 0.336478 0.228161 0.015919
2 0.792094 0.363409 0.285354 0.025681
0 0.563422 0.833003 0.235722 0.322481
0 0.179628 0.455313 0.122305 0.095000
0 0.167507 0.582662 0.124359 0.155950
2 0.302623 0.345019 0.366323 0.074700
0 0.852121 0.156631 0.176691 0.238050
0 0.214655 0.126653 0.174709 0.179669
4 0.214027 0.123772 0.156072 0.152544
4 0.712372 0.558744 0.048852 0.134200
4 0.548857 0.880637 0.111399 0.179363
4 0.635632 0.760619 0.055426 0.118100
4 0.750928 0.788153 0.095632 0.194944
0 0.130857 0.751763 0.113713 0.154387
3 0.133691 0.903047 0.089300 0.125406
4 0.857457 0.154894 0.119758 0.207950
3 0.854435 0.804737 0.083166 0.034200
3 0.866901 0.839037 0.107704 0.030875
2 0.842018 0.295153 0.169417 0.020431
4 0.128152 0.750294 0.047336 0.107875
0 0.747179 0.790416 0.128834 0.229444
