0 0.629552 0.248350 0.121166 0.133950
1 0.478135 0.625581 0.057256 0.026125
1 0.420650 0.638494 0.048762 0.042225
1 0.374498 0.659609 0.040709 0.037606
0 0.669197 0.836494 0.156780 0.200937
1 0.608327 0.547672 0.076350 0.092631
1 0.482892 0.583788 0.072242 0.066050
1 0.226937 0.041806 0.040242 0.059388
1 0.455368 0.406403 0.124744 0.091206
0 0.898031 0.365975 0.107704 0.068400
0 0.891556 0.439841 0.092027 0.078381
4 0.672731 0.840463 0.081444 0.132700
4 0.620332 0.253894 0.077543 0.108762
4 0.504009 0.222428 0.092269 0.144331
0 0.487978 0.217850 0.147256 0.197238
3 0.651996 0.110397 0.110430 0.139656
3 0.885126 0.112963 0.087525 0.144787
