1 0.916937 0.887591 0.056332 0.103919
1 0.692767 0.525850 0.073300 0.068175
1 0.156601 0.074494 0.043085 0.070263
4 0.673632 0.199294 0.123677 0.131337
4 0.468677 0.385219 0.109552 0.119025
4 0.840928 0.216809 0.143148 0.035344
4 0.451726 0.636641 0.139058 0.192106
4 0.672996 0.708753 0.157865 0.158469
0 0.842969 0.217275 0.147121 0.040375
3 0.286789 0.479128 0.288341 0.046081
1 0.385874 0.085000 0.042422 0.064000
0 0.679395 0.709391 0.232314 0.245119
0 0.322857 0.080100 0.079058 0.122387
0 0.673650 0.384234 0.230063 0.205056
0 0.243256 0.101366 0.078152 0.131981
0 0.475892 0.083400 0.126870 0.144825
1 0.771996 0.064422 0.053857 0.089781
0 0.673906 0.186703 0.193372 0.173744
1 0.830758 0.298622 0.062484 0.070069
0 0.466067 0.384597 0.135650 0.157231
0 0.454121 0.641163 0.163596 0.225162
4 0.250242 0.091637 0.058619 0.070775
4 0.321135 0.072872 0.035453 0.076956
4 0.482004 0.084984 0.099525 0.085031
4 0.667731 0.360775 0.130726 0.149912
