0 0.502516 0.578059 0.190825 0.242156
0 0.908305 0.850309 0.173148 0.256381
0 0.896726 0.586269 0.206547 0.240513
1 0.901709 0.313169 0.098951 0.073875
0 0.892287 0.126837 0.200251 0.247900
4 0.897525 0.127594 0.118852 0.210313
4 0.502834 0.576288 0.137471 0.175763
4 0.920601 0.414097 0.058081 0.092919
4 0.907516 0.585681 0.121883 0.212625
4 0.912094 0.851659 0.106341 0.174431
4 0.328170 0.811869 0.046260 0.133013
0 0.914170 0.407019 0.147265 0.115738
1 0.084354 0.752494 0.044762 0.057463
0 0.329363 0.823084 0.106009 0.187156
