0 0.152834 0.895125 0.170924 0.168125
1 0.728556 0.672869 0.110726 0.106713
1 0.153753 0.743859 0.066753 0.058831
1 0.823969 0.417172 0.115435 0.110819
1 0.267619 0.733597 0.058897 0.065669
0 0.434484 0.421328 0.127623 0.125181
4 0.432453 0.414509 0.075578 0.087556
4 0.301381 0.583341 0.051534 0.055294
4 0.182363 0.619541 0.045803 0.077531
4 0.184323 0.891259 0.051803 0.086931
4 0.120933 0.930213 0.035444 0.047025
4 0.355081 0.909784 0.037498 0.065081
4 0.551399 0.918809 0.096108 0.112581
0 0.301484 0.583450 0.095220 0.119712
0 0.182713 0.608759 0.108960 0.132019
0 0.355960 0.908372 0.111901 0.112869
0 0.545408 0.912475 0.153130 0.151175
