4 0.846081 0.751156 0.096592 0.119850
4 0.811919 0.623513 0.098942 0.110812
4 0.101404 0.783416 0.082448 0.086194
4 0.457722 0.720619 0.126045 0.121488
4 0.484224 0.853684 0.089525 0.106881
0 0.808386 0.612431 0.204951 0.134625
0 0.815453 0.769212 0.223803 0.175662
0 0.563516 0.063572 0.134152 0.082656
0 0.440117 0.720319 0.184807 0.155362
0 0.461578 0.860166 0.144915 0.123131
4 0.103170 0.904491 0.090700 0.123131
0 0.103762 0.908184 0.171973 0.156781
0 0.100816 0.770281 0.137812 0.117387
0 0.557498 0.190016 0.146422 0.166456
1 0.703094 0.055200 0.074439 0.086075
4 0.552996 0.172916 0.063803 0.124269
4 0.567717 0.072019 0.060529 0.059287
1 0.438883 0.101375 0.053175 0.098613
1 0.321910 0.071450 0.066260 0.088925
1 0.199215 0.072303 0.041713 0.053019
1 0.150951 0.076294 0.046619 0.051875
