4 0.527637 0.873206 0.157049 0.135100
1 0.329278 0.076600 0.047094 0.106050
0 0.414220 0.178169 0.203148 0.198375
4 0.413215 0.178172 0.128583 0.120394
1 0.904996 0.059147 0.059874 0.077981
1 0.905973 0.140203 0.063803 0.082769
4 0.572709 0.489572 0.094063 0.197806
0 0.881417 0.442212 0.138439 0.122450
4 0.885852 0.434691 0.092278 0.085506
1 0.335179 0.591334 0.053013 0.063619
0 0.359130 0.882331 0.109614 0.135100
4 0.362404 0.883184 0.053991 0.078669
0 0.531318 0.862947 0.198780 0.242269
1 0.665063 0.945319 0.044170 0.054725
1 0.708004 0.932494 0.044996 0.051875
3 0.865058 0.777728 0.082619 0.131106
0 0.866713 0.283856 0.158036 0.166225
0 0.415395 0.490591 0.143794 0.216044
4 0.432686 0.491281 0.094072 0.163600
0 0.574229 0.494844 0.170143 0.231350
4 0.869045 0.289972 0.088583 0.137569
