4 0.372466 0.096356 0.089166 0.124838
4 0.643713 0.733147 0.076072 0.160181
0 0.644529 0.744266 0.188951 0.198369
2 0.509973 0.965441 0.373004 0.049019
1 0.347596 0.697806 0.067892 0.064412
4 0.853937 0.471216 0.092430 0.096906
0 0.848206 0.476063 0.131695 0.152200
3 0.358641 0.496869 0.085067 0.134525
4 0.197906 0.518247 0.126789 0.144219
0 0.190543 0.517675 0.198771 0.202362
3 0.861691 0.301316 0.124744 0.130156
4 0.677641 0.308203 0.056574 0.082181
0 0.676964 0.309866 0.111112 0.128256
4 0.335179 0.274475 0.158143 0.154862
0 0.323578 0.276366 0.188179 0.220394
4 0.510296 0.099778 0.127605 0.128256
0 0.509888 0.099494 0.131704 0.132250
0 0.359789 0.090341 0.130879 0.148781
