4 0.876103 0.767069 0.105516 0.107738
0 0.859336 0.773622 0.173417 0.158469
3 0.395861 0.776988 0.122700 0.133388
3 0.228578 0.831709 0.152960 0.201794
1 0.219933 0.403428 0.066771 0.087556
2 0.812955 0.296497 0.251937 0.030781
2 0.292709 0.271703 0.366457 0.078094
0 0.183507 0.114334 0.153130 0.129694
2 0.075735 0.332263 0.052996 0.559025
2 0.828081 0.269766 0.214206 0.020381
2 0.854009 0.228978 0.162242 0.019806
2 0.838323 0.249125 0.199946 0.018375
4 0.587372 0.103256 0.048179 0.154438
0 0.593695 0.110803 0.159587 0.221606
