0 0.591395 0.413012 0.142233 0.089600
0 0.752969 0.232012 0.094314 0.193188
0 0.300498 0.234616 0.289587 0.253106
4 0.872327 0.739959 0.043632 0.094531
4 0.270834 0.257909 0.121202 0.140294
4 0.393435 0.231884 0.090888 0.160656
0 0.613776 0.239531 0.180072 0.204262
4 0.620022 0.233594 0.127812 0.140138
4 0.740170 0.231416 0.034099 0.127069
1 0.464242 0.419516 0.056448 0.075244
4 0.600031 0.420247 0.058126 0.070819
0 0.883915 0.755637 0.088619 0.155337
4 0.570175 0.535803 0.106341 0.112869
0 0.257404 0.785944 0.136332 0.211387
0 0.561587 0.539294 0.172556 0.161325
4 0.257063 0.785944 0.130197 0.203787
0 0.605726 0.769556 0.164960 0.179562
4 0.603682 0.769794 0.158143 0.175288
0 0.767350 0.773450 0.145874 0.190962
4 0.768031 0.767513 0.091345 0.150588
