0 0.527946 0.557806 0.070637 0.137925
0 0.866583 0.293231 0.202135 0.233737
4 0.866861 0.294581 0.191587 0.225613
3 0.402870 0.085081 0.046816 0.084038
3 0.799471 0.049362 0.061004 0.051712
0 0.457404 0.304934 0.182197 0.254131
4 0.457426 0.304878 0.171031 0.248831
0 0.428543 0.575225 0.125946 0.247050
4 0.518498 0.567328 0.041982 0.078019
4 0.431538 0.578241 0.102628 0.168569
0 0.897336 0.587297 0.171928 0.213619
4 0.904996 0.590316 0.093955 0.168569
0 0.862085 0.820834 0.211238 0.242406
4 0.861928 0.820781 0.193632 0.231188
