4 0.199641 0.149478 0.129274 0.155569
0 0.198309 0.146459 0.191919 0.220119
4 0.721744 0.127191 0.047309 0.125844
4 0.861973 0.864456 0.153274 0.111837
0 0.861700 0.852466 0.169372 0.179931
4 0.730085 0.869487 0.078305 0.119575
0 0.709538 0.859425 0.129390 0.164463
4 0.753744 0.636719 0.092762 0.118137
0 0.746547 0.647303 0.140735 0.163831
4 0.275152 0.626409 0.050377 0.096406
4 0.164803 0.655944 0.138341 0.127612
0 0.193991 0.667644 0.286278 0.203400
4 0.823395 0.451650 0.127937 0.155475
0 0.849090 0.411622 0.219238 0.279094
4 0.501296 0.320937 0.069964 0.043337
0 0.500480 0.325775 0.130466 0.104875
1 0.890036 0.079594 0.033381 0.040813
1 0.849022 0.105597 0.035318 0.032506
4 0.781381 0.072859 0.039982 0.057119
0 0.789381 0.074947 0.061309 0.101231
0 0.714749 0.128350 0.081300 0.182037
4 0.624453 0.176878 0.067309 0.121206
0 0.615126 0.173162 0.104619 0.168575
4 0.898834 0.340463 0.078565 0.113550
