3 0.210166 0.097003 0.165265 0.147206
3 0.125583 0.301875 0.123363 0.037625
3 0.285058 0.308069 0.129184 0.029050
0 0.443865 0.245794 0.126619 0.163000
0 0.544489 0.211669 0.074628 0.094713
4 0.449197 0.251366 0.105283 0.106344
4 0.541157 0.213750 0.031982 0.037612
0 0.702422 0.236506 0.189256 0.200150
0 0.848359 0.237200 0.097291 0.177400
4 0.846691 0.233022 0.084628 0.110519
4 0.716081 0.238363 0.128610 0.175075
1 0.616726 0.397994 0.047803 0.056487
1 0.635363 0.454478 0.049453 0.054169
4 0.859283 0.409813 0.088628 0.083125
4 0.740870 0.680266 0.253220 0.042719
0 0.751865 0.681425 0.364502 0.123062
1 0.329139 0.739728 0.051283 0.045681
1 0.312377 0.699428 0.056323 0.037644
0 0.860614 0.417009 0.144601 0.128169
