4 0.170453 0.642141 0.039309 0.058981
0 0.409175 0.167506 0.139946 0.159375
1 0.786619 0.049469 0.037758 0.036375
1 0.798556 0.100550 0.044987 0.044887
1 0.863803 0.176978 0.053309 0.060756
0 0.605090 0.491884 0.149534 0.166619
4 0.610283 0.487428 0.084762 0.106431
1 0.819000 0.340313 0.054377 0.078575
0 0.074825 0.705994 0.093291 0.167175
4 0.086825 0.704366 0.053309 0.103556
0 0.167121 0.653519 0.084628 0.101237
0 0.343327 0.869263 0.178655 0.212737
0 0.839520 0.842244 0.161964 0.214788
4 0.840502 0.853528 0.112879 0.132019
4 0.342345 0.870525 0.117785 0.152325
