0 0.604036 0.768034 0.143964 0.180131
4 0.598722 0.762906 0.100619 0.143650
3 0.599229 0.896975 0.118152 0.069275
3 0.881839 0.762778 0.102816 0.153994
1 0.211794 0.735053 0.055946 0.088931
0 0.167722 0.122694 0.206135 0.221175
0 0.317004 0.087637 0.092430 0.139662
4 0.169359 0.124688 0.194682 0.146500
4 0.310462 0.094478 0.054807 0.091781
0 0.638296 0.530509 0.222619 0.240506
4 0.638785 0.536338 0.181587 0.127913
0 0.830197 0.130356 0.207121 0.214787
4 0.827251 0.123856 0.144296 0.148438
3 0.148480 0.561991 0.162951 0.132706
0 0.438538 0.512737 0.081471 0.180588
0 0.443937 0.759334 0.162942 0.159381
4 0.453265 0.752494 0.118780 0.136125
0 0.453776 0.911538 0.149166 0.139550
4 0.460152 0.905728 0.083462 0.104669
