0 0.734632 0.717684 0.199919 0.242406
4 0.723439 0.746384 0.084762 0.112569
0 0.183874 0.691937 0.160879 0.189250
0 0.347565 0.693566 0.163596 0.192394
0 0.218861 0.134391 0.220861 0.221631
4 0.222785 0.132341 0.140368 0.160069
0 0.801444 0.141231 0.208090 0.224362
4 0.808798 0.131656 0.148215 0.150488
0 0.124139 0.434003 0.208099 0.292769
0 0.324381 0.412797 0.186502 0.255831
4 0.135915 0.441188 0.157049 0.193587
4 0.314076 0.403219 0.128583 0.195637
0 0.785215 0.429553 0.299345 0.289356
4 0.870143 0.348837 0.056933 0.093713
4 0.758735 0.442556 0.177668 0.193587
4 0.206170 0.679338 0.100628 0.136525
4 0.332112 0.681197 0.095291 0.146744
4 0.771018 0.645800 0.039184 0.079687
