0 0.171081 0.860447 0.194610 0.215056
0 0.465422 0.374828 0.090197 0.132406
0 0.287901 0.119731 0.172717 0.193288
4 0.290300 0.118047 0.102682 0.133744
0 0.834865 0.120384 0.149695 0.191919
4 0.848296 0.119719 0.092126 0.130400
0 0.314269 0.422306 0.206260 0.220675
4 0.326762 0.422975 0.150655 0.169850
4 0.458229 0.371484 0.052780 0.076231
1 0.568099 0.355772 0.047982 0.070219
0 0.842538 0.459422 0.201507 0.213319
4 0.849256 0.460425 0.120915 0.140425
1 0.674861 0.732856 0.052969 0.070613
4 0.175112 0.865659 0.110547 0.145244
0 0.507910 0.831553 0.234942 0.301731
4 0.597888 0.764150 0.048709 0.107525
4 0.500987 0.858837 0.128969 0.168513
0 0.760865 0.882044 0.185175 0.213988
0 0.911049 0.865981 0.109381 0.184537
4 0.903377 0.878031 0.046054 0.123037
4 0.770955 0.880706 0.134341 0.172525
