0 0.841466 0.841009 0.187919 0.218444
2 0.056834 0.256200 0.048933 0.262800
2 0.058274 0.426388 0.049892 0.072225
2 0.055731 0.558869 0.046386 0.130950
2 0.055655 0.712103 0.049587 0.093044
2 0.054448 0.816600 0.045578 0.112562
2 0.056345 0.906644 0.027399 0.059125
0 0.316404 0.169375 0.293632 0.266412
4 0.263430 0.205484 0.127812 0.166906
4 0.388942 0.148916 0.123211 0.174131
0 0.730937 0.197862 0.148547 0.223888
0 0.870269 0.184625 0.130117 0.239125
4 0.745906 0.203081 0.090969 0.147650
4 0.873148 0.189841 0.094422 0.203019
3 0.182350 0.547153 0.152574 0.120369
4 0.853861 0.840450 0.124744 0.140425
0 0.336363 0.530103 0.113229 0.162494
4 0.337318 0.532447 0.053740 0.101644
0 0.795049 0.481300 0.261022 0.273475
4 0.848296 0.445178 0.093076 0.150456
4 0.743224 0.512381 0.086359 0.148450
0 0.355637 0.856609 0.209587 0.209531
4 0.370471 0.856609 0.146341 0.128169
