4 0.743520 0.170059 0.107937 0.219506
4 0.877507 0.147294 0.101040 0.162587
0 0.881049 0.139269 0.116072 0.242663
0 0.127049 0.879500 0.202619 0.198000
0 0.183771 0.548250 0.185480 0.179175
0 0.840265 0.555116 0.203112 0.161606
4 0.179605 0.555219 0.122726 0.101775
4 0.159058 0.731441 0.058637 0.083594
4 0.133399 0.882131 0.145937 0.145350
0 0.811641 0.818856 0.256843 0.315913
4 0.902211 0.744434 0.036780 0.109219
1 0.239744 0.689384 0.042753 0.044894
4 0.800848 0.841891 0.143776 0.228344
4 0.842906 0.544381 0.139946 0.124825
0 0.839709 0.402837 0.200709 0.139312
4 0.850906 0.405625 0.144735 0.111450
1 0.073426 0.738406 0.035318 0.039938
0 0.153726 0.721691 0.121283 0.115169
0 0.728955 0.166713 0.186574 0.284062
