4 0.523857 0.201472 0.096682 0.200294
4 0.629798 0.747500 0.167130 0.264700
4 0.806996 0.710506 0.158099 0.190100
0 0.807744 0.711672 0.163507 0.195794
0 0.630350 0.748244 0.181812 0.273763
4 0.146054 0.804750 0.154529 0.235375
0 0.144152 0.804741 0.162170 0.242069
4 0.319758 0.711125 0.179444 0.193925
0 0.322018 0.712559 0.192197 0.201744
4 0.794081 0.460759 0.121865 0.171856
1 0.888601 0.406594 0.034547 0.098300
0 0.770583 0.464428 0.203408 0.230019
4 0.214839 0.477275 0.095578 0.151663
4 0.303502 0.449188 0.051812 0.114750
0 0.317323 0.449991 0.102484 0.185369
0 0.551525 0.170178 0.234888 0.305256
4 0.619457 0.171622 0.091668 0.233031
0 0.842668 0.099687 0.227901 0.163275
4 0.840668 0.104147 0.143937 0.101981
1 0.845063 0.222288 0.039184 0.046250
0 0.198143 0.470453 0.142780 0.210244
