4 0.719946 0.153259 0.118350 0.115356
4 0.846291 0.112300 0.092762 0.084700
0 0.703592 0.152422 0.162323 0.215106
0 0.847085 0.110347 0.119946 0.159944
4 0.205771 0.456406 0.113552 0.116462
4 0.397283 0.476747 0.083964 0.137081
4 0.816704 0.417675 0.123148 0.172750
1 0.549969 0.378866 0.051238 0.058581
1 0.602318 0.335981 0.048780 0.045137
0 0.800229 0.418178 0.211112 0.229594
0 0.337722 0.832081 0.145274 0.197825
0 0.399628 0.459044 0.162592 0.210363
0 0.206049 0.453006 0.209910 0.200150
1 0.408498 0.662938 0.039955 0.049625
1 0.439668 0.620575 0.046386 0.044025
1 0.908659 0.673791 0.050377 0.047919
3 0.283408 0.644531 0.037489 0.070062
0 0.181117 0.868428 0.162610 0.181356
1 0.483265 0.426769 0.035318 0.068725
4 0.335426 0.828313 0.135605 0.176125
4 0.187040 0.861094 0.146637 0.150938
1 0.804987 0.820519 0.027265 0.031213
4 0.912583 0.862591 0.053578 0.071881
0 0.907341 0.867328 0.110430 0.137094
1 0.961040 0.622525 0.041578 0.055725
1 0.772641 0.828600 0.019991 0.038450
4 0.180202 0.171409 0.103632 0.177181
4 0.304561 0.147822 0.122987 0.176219
0 0.238879 0.154044 0.301076 0.265838
