1 0.343327 0.412850 0.039300 0.045950
1 0.571910 0.348756 0.048682 0.045962
0 0.768534 0.863166 0.107202 0.152969
4 0.652359 0.875800 0.051408 0.117862
4 0.665619 0.484075 0.058036 0.120175
4 0.574426 0.491013 0.087883 0.099375
3 0.404466 0.151866 0.112753 0.179106
4 0.177296 0.485812 0.116063 0.149062
0 0.823978 0.135684 0.162502 0.199906
4 0.844704 0.139153 0.091202 0.144444
0 0.181439 0.150706 0.233803 0.271550
4 0.181444 0.158219 0.154206 0.208000
0 0.672592 0.482819 0.087318 0.179212
0 0.559821 0.489841 0.126637 0.179881
0 0.170251 0.472122 0.197668 0.213981
0 0.636982 0.874687 0.153480 0.195625
3 0.510583 0.161687 0.082906 0.198750
1 0.489283 0.821044 0.046009 0.048787
1 0.525888 0.794334 0.040601 0.046456
1 0.240363 0.906241 0.037318 0.047369
4 0.762628 0.866556 0.059695 0.099375
1 0.254377 0.860053 0.048018 0.048731
1 0.917274 0.634206 0.047982 0.052937
