4 0.550381 0.875222 0.099489 0.121331
4 0.689664 0.865400 0.162502 0.138662
1 0.738578 0.442478 0.114413 0.115556
1 0.230807 0.424094 0.047982 0.052063
1 0.375901 0.454103 0.045686 0.050706
1 0.465816 0.096978 0.046430 0.087819
1 0.858789 0.770072 0.072915 0.119019
0 0.205484 0.158219 0.215561 0.224175
0 0.120915 0.866556 0.145919 0.147912
0 0.300655 0.842678 0.187031 0.193356
0 0.538004 0.876219 0.134753 0.204813
0 0.410000 0.597944 0.124753 0.136488
1 0.178309 0.450522 0.050861 0.054169
1 0.429682 0.432441 0.046646 0.055369
0 0.702785 0.858287 0.192224 0.228325
0 0.812094 0.148741 0.255632 0.220644
0 0.430632 0.848988 0.070556 0.149400
4 0.203000 0.166306 0.114413 0.175638
4 0.785857 0.165722 0.132682 0.135181
4 0.887816 0.131066 0.038143 0.119019
3 0.573632 0.368525 0.135964 0.115550
4 0.411924 0.597897 0.081247 0.091281
4 0.125063 0.870600 0.111094 0.086662
4 0.316578 0.854422 0.126018 0.135194
4 0.430991 0.852113 0.046430 0.086663
