1 0.525973 0.357750 0.046350 0.043250
1 0.912274 0.142569 0.037982 0.045512
1 0.865628 0.151159 0.032655 0.045969
0 0.431758 0.216141 0.187695 0.201419
0 0.510220 0.861809 0.084565 0.156856
4 0.639865 0.676469 0.140897 0.134937
4 0.790677 0.656831 0.084296 0.059700
0 0.800659 0.660187 0.142987 0.133512
0 0.632215 0.676797 0.191121 0.164144
1 0.421839 0.689866 0.135157 0.128781
0 0.185857 0.531953 0.133937 0.094731
0 0.200852 0.414000 0.147892 0.140250
0 0.758897 0.224469 0.120215 0.186813
0 0.451444 0.420428 0.124359 0.174294
0 0.863924 0.428566 0.153408 0.192681
0 0.826605 0.849900 0.169964 0.189700
0 0.402556 0.864103 0.128879 0.186331
4 0.830744 0.852306 0.076000 0.119400
4 0.499812 0.860491 0.035928 0.083781
4 0.421045 0.868194 0.091202 0.101112
3 0.280794 0.135875 0.100870 0.163750
4 0.430717 0.226394 0.129883 0.132888
4 0.768570 0.224469 0.059417 0.132887
4 0.203408 0.415962 0.111928 0.078700
4 0.186834 0.528759 0.042834 0.071256
4 0.463188 0.421391 0.053892 0.108806
4 0.868749 0.426206 0.088439 0.137700
