4 0.895108 0.085538 0.046430 0.054313
4 0.155587 0.146200 0.122726 0.161775
4 0.834592 0.158912 0.044771 0.120175
3 0.704341 0.098247 0.096341 0.072794
3 0.609076 0.083803 0.044771 0.036981
3 0.648874 0.293531 0.114413 0.038138
4 0.482978 0.402150 0.107946 0.086662
4 0.866009 0.488238 0.127839 0.203375
4 0.324126 0.112694 0.095426 0.122488
1 0.706578 0.361359 0.051740 0.055469
0 0.853960 0.138750 0.156475 0.206750
0 0.482305 0.109956 0.171247 0.179262
1 0.774211 0.365506 0.059650 0.058262
4 0.279108 0.743031 0.101157 0.213813
4 0.385251 0.526288 0.164206 0.134200
0 0.149771 0.145047 0.170789 0.214931
0 0.317085 0.104725 0.150583 0.196200
0 0.850341 0.483038 0.195659 0.250750
0 0.419220 0.473228 0.311731 0.275044
0 0.277363 0.748231 0.187534 0.238037
4 0.483063 0.109225 0.114413 0.099375
