4 0.315587 0.407119 0.057704 0.158075
4 0.387220 0.145044 0.113417 0.183038
4 0.749368 0.154059 0.117408 0.131731
4 0.851834 0.110378 0.079596 0.110931
4 0.260865 0.359972 0.043776 0.069331
4 0.402143 0.331547 0.055713 0.054081
4 0.171323 0.837669 0.155202 0.142825
4 0.422040 0.845297 0.163166 0.169169
4 0.621018 0.886203 0.087543 0.109544
4 0.712547 0.836975 0.039803 0.041600
4 0.901578 0.750309 0.083570 0.084581
4 0.869744 0.875800 0.127345 0.099838
1 0.511578 0.316294 0.059695 0.084588
0 0.381247 0.138112 0.177094 0.235725
0 0.776220 0.131872 0.242753 0.242656
0 0.269511 0.408828 0.156583 0.243406
0 0.166350 0.831428 0.224843 0.216319
0 0.421027 0.844600 0.228798 0.262075
0 0.873632 0.885172 0.201256 0.169844
1 0.121578 0.062541 0.055713 0.056856
1 0.259870 0.039663 0.041785 0.047150
0 0.405170 0.331425 0.100511 0.125775
0 0.716036 0.840463 0.077184 0.127312
0 0.895686 0.736169 0.144377 0.123838
0 0.609610 0.878125 0.128404 0.183875
