0 0.674036 0.167891 0.200143 0.197344
0 0.255910 0.474372 0.137327 0.148369
4 0.870735 0.149203 0.117399 0.149756
4 0.856807 0.401575 0.081578 0.141437
4 0.762291 0.423066 0.099489 0.123406
4 0.360354 0.477863 0.047758 0.044375
4 0.287749 0.476450 0.033794 0.066562
4 0.239973 0.466050 0.029848 0.045762
4 0.711570 0.660878 0.037848 0.116494
4 0.621022 0.866788 0.119390 0.117863
1 0.406121 0.036197 0.051740 0.067944
0 0.179839 0.166250 0.164269 0.215500
0 0.719556 0.664206 0.107291 0.170425
0 0.616601 0.863891 0.233238 0.192719
0 0.801655 0.421728 0.236565 0.235669
1 0.794314 0.020375 0.047175 0.040750
0 0.863659 0.146288 0.175928 0.227388
0 0.375283 0.472291 0.089543 0.135894
0 0.317139 0.138434 0.105094 0.158019
4 0.188242 0.172778 0.145256 0.116481
4 0.307628 0.132566 0.077605 0.074881
4 0.684691 0.174166 0.155211 0.130344
