0 0.114386 0.163684 0.140682 0.140281
0 0.690973 0.697737 0.263883 0.268412
4 0.694305 0.693788 0.154601 0.187150
0 0.394982 0.757144 0.135435 0.160212
0 0.375350 0.579784 0.182628 0.189931
4 0.406691 0.741387 0.093291 0.111912
4 0.387700 0.576766 0.104619 0.152319
0 0.103157 0.847031 0.189919 0.277700
4 0.105857 0.845881 0.122170 0.211287
3 0.335430 0.893694 0.136135 0.029025
3 0.268906 0.835241 0.114924 0.029294
3 0.260812 0.786872 0.094108 0.025519
3 0.330395 0.369697 0.083964 0.138381
3 0.415314 0.289778 0.081910 0.090619
0 0.401063 0.130794 0.132816 0.207363
4 0.402682 0.125150 0.108287 0.150925
4 0.114152 0.160947 0.109668 0.080619
