3 0.666202 0.214294 0.092117 0.154875
4 0.211933 0.174172 0.132422 0.183756
0 0.207924 0.174172 0.221049 0.241531
4 0.723036 0.076597 0.051094 0.051469
0 0.718592 0.074275 0.104395 0.112613
4 0.867969 0.150125 0.115507 0.205487
0 0.865749 0.148962 0.183247 0.262763
1 0.414798 0.384188 0.263892 0.082475
3 0.805426 0.458022 0.089561 0.125381
3 0.893350 0.394078 0.036655 0.053019
4 0.629578 0.436256 0.107731 0.064625
0 0.636516 0.434906 0.166036 0.157888
4 0.249126 0.576909 0.059489 0.088269
0 0.133004 0.608006 0.153543 0.211988
4 0.147013 0.606550 0.093238 0.139525
4 0.150175 0.887713 0.065534 0.095200
0 0.147677 0.887909 0.132717 0.162919
0 0.260390 0.577244 0.094969 0.143775
