0 0.184915 0.889431 0.146224 0.178263
4 0.510417 0.183175 0.125408 0.155100
4 0.365108 0.195741 0.151327 0.128669
0 0.347063 0.190422 0.192045 0.201231
0 0.525453 0.185584 0.161040 0.206394
4 0.877013 0.198322 0.117076 0.160531
0 0.860695 0.189984 0.182143 0.221356
4 0.776776 0.515619 0.153892 0.127263
4 0.861762 0.397884 0.034646 0.091481
0 0.786812 0.468478 0.277839 0.293044
4 0.396296 0.519553 0.083300 0.158356
0 0.392969 0.513978 0.204574 0.199219
0 0.188740 0.524663 0.174628 0.178788
4 0.190722 0.537663 0.094628 0.081262
1 0.173659 0.763066 0.046063 0.055244
1 0.127731 0.783966 0.038296 0.052631
4 0.205798 0.901975 0.076170 0.120487
0 0.309094 0.883050 0.098942 0.162362
4 0.308475 0.903428 0.083552 0.096969
4 0.471197 0.873669 0.139381 0.112613
0 0.464260 0.867669 0.205471 0.231412
1 0.674170 0.860316 0.173256 0.202006
4 0.867516 0.728275 0.138619 0.148450
0 0.851924 0.737278 0.194359 0.219056
