4 0.648188 0.647025 0.123283 0.080337
4 0.165404 0.877125 0.130610 0.146750
0 0.161085 0.871322 0.209883 0.217794
3 0.710794 0.792125 0.095794 0.027750
3 0.783462 0.950784 0.129076 0.038694
3 0.840516 0.665044 0.080601 0.134412
3 0.161148 0.455516 0.120753 0.126494
0 0.572605 0.815497 0.143937 0.251231
3 0.301090 0.456072 0.037587 0.095294
3 0.598161 0.474741 0.287874 0.064644
0 0.875632 0.134816 0.139139 0.183894
4 0.886031 0.135928 0.091166 0.132631
0 0.500601 0.168528 0.126350 0.100869
4 0.501798 0.171316 0.069570 0.042906
0 0.201552 0.145122 0.199946 0.217881
4 0.197933 0.147631 0.149534 0.159375
4 0.572888 0.813038 0.133937 0.238700
0 0.649184 0.633791 0.150601 0.110519
4 0.437614 0.627522 0.044646 0.045044
0 0.432951 0.620569 0.111283 0.086863
4 0.410623 0.806306 0.130610 0.191787
0 0.402964 0.799344 0.205910 0.268875
