4 0.197753 0.452994 0.114520 0.185262
1 0.660493 0.341247 0.041525 0.059281
1 0.611704 0.302000 0.060538 0.052750
1 0.302117 0.337825 0.061345 0.077525
4 0.878722 0.117891 0.101659 0.176531
0 0.878426 0.117288 0.109067 0.180113
4 0.748628 0.131738 0.132359 0.169425
2 0.525314 0.235941 0.269821 0.019469
2 0.567211 0.219612 0.181309 0.018475
2 0.587803 0.203941 0.138224 0.018144
2 0.595139 0.186953 0.128287 0.014519
2 0.241664 0.220856 0.273211 0.062137
2 0.068251 0.273869 0.045812 0.431525
0 0.400345 0.702984 0.222215 0.144656
4 0.417031 0.706372 0.142439 0.119131
0 0.749744 0.140050 0.144816 0.196350
0 0.866951 0.691325 0.121561 0.123513
4 0.867803 0.683203 0.048287 0.087469
3 0.739471 0.745138 0.096108 0.185263
3 0.664148 0.769128 0.050448 0.104981
0 0.316839 0.878625 0.202448 0.198563
4 0.325018 0.867697 0.152009 0.135856
0 0.105529 0.886347 0.143830 0.227306
4 0.113363 0.893112 0.061345 0.165788
0 0.788332 0.422362 0.202045 0.304400
4 0.769987 0.450800 0.103381 0.181700
4 0.850937 0.364700 0.050556 0.145675
0 0.183780 0.458681 0.183363 0.272638
