0 0.481543 0.058669 0.112861 0.099187
4 0.489386 0.065847 0.057910 0.077981
1 0.300973 0.326997 0.056439 0.091781
4 0.501794 0.323003 0.040897 0.089494
4 0.436758 0.415069 0.082610 0.133388
0 0.452300 0.391128 0.195507 0.246256
4 0.716157 0.308347 0.034771 0.045131
0 0.707637 0.416891 0.140422 0.145356
4 0.468700 0.182666 0.106978 0.122056
0 0.458520 0.182828 0.145327 0.145481
4 0.734695 0.157238 0.122018 0.142512
1 0.939534 0.679925 0.084161 0.121525
1 0.838439 0.752763 0.111336 0.085900
0 0.673758 0.717634 0.182009 0.209494
4 0.677852 0.712172 0.122018 0.157706
3 0.525157 0.705062 0.080090 0.161112
0 0.375740 0.856878 0.216413 0.237506
4 0.380462 0.860078 0.154323 0.159994
3 0.166493 0.887516 0.112072 0.169869
4 0.709717 0.409672 0.093157 0.103719
1 0.620229 0.516934 0.052547 0.047831
0 0.762987 0.132072 0.239946 0.244144
4 0.843085 0.081947 0.051121 0.095481
1 0.629381 0.056531 0.050439 0.058900
1 0.608592 0.201416 0.060664 0.060806
1 0.152915 0.366613 0.054798 0.104887
0 0.709000 0.305972 0.104978 0.074581
1 0.605731 0.361075 0.052484 0.108787
