3 0.405103 0.195003 0.137614 0.028269
3 0.457269 0.315566 0.254538 0.029931
4 0.275843 0.244613 0.084314 0.096450
4 0.168861 0.269281 0.101022 0.128050
0 0.153749 0.260412 0.142386 0.183475
0 0.277543 0.242719 0.100018 0.177437
4 0.888484 0.109238 0.101184 0.103100
4 0.881327 0.261231 0.098314 0.146337
0 0.877027 0.104250 0.171812 0.142350
0 0.874166 0.266553 0.183274 0.175606
3 0.210780 0.501425 0.077955 0.053212
3 0.357933 0.458747 0.151130 0.134144
3 0.810928 0.472603 0.155112 0.177381
3 0.200839 0.583466 0.102610 0.100881
3 0.157883 0.825422 0.115336 0.131369
4 0.336457 0.773872 0.130457 0.192344
4 0.431511 0.714281 0.040565 0.086475
0 0.361117 0.776644 0.249767 0.261088
0 0.692413 0.907459 0.110565 0.135806
3 0.859054 0.836788 0.168637 0.187362
3 0.498964 0.095781 0.124888 0.136912
3 0.462758 0.253219 0.262466 0.052688
