4 0.193453 0.523850 0.083516 0.109012
1 0.185632 0.130606 0.126601 0.060512
1 0.406031 0.132228 0.125946 0.065594
1 0.448126 0.053234 0.145166 0.068369
4 0.539265 0.109128 0.038439 0.095156
4 0.552520 0.249556 0.075570 0.110863
0 0.537287 0.106822 0.104709 0.155206
0 0.553184 0.262722 0.141848 0.146431
1 0.437507 0.236863 0.053668 0.065125
0 0.244619 0.347925 0.135874 0.169025
0 0.872892 0.163766 0.136529 0.106744
0 0.190475 0.523381 0.171695 0.181987
1 0.192130 0.655269 0.123291 0.072525
1 0.459924 0.656884 0.224045 0.085919
1 0.789686 0.520384 0.231390 0.124256
1 0.296987 0.801281 0.161722 0.123337
3 0.419619 0.827381 0.092798 0.140425
4 0.762978 0.890666 0.102081 0.071131
0 0.762646 0.888825 0.142511 0.138600
3 0.893655 0.861294 0.079650 0.179212
