4 0.904951 0.200100 0.034206 0.069287
1 0.751946 0.039516 0.086673 0.067894
0 0.852368 0.892975 0.223982 0.190775
0 0.889417 0.746059 0.135067 0.098244
4 0.847865 0.875637 0.143067 0.129338
4 0.888193 0.746297 0.051363 0.083919
0 0.158789 0.766500 0.147175 0.141900
4 0.163534 0.760678 0.038978 0.100331
0 0.822942 0.581359 0.209991 0.196781
4 0.881803 0.565562 0.052502 0.082037
4 0.798283 0.601313 0.093857 0.145787
0 0.645161 0.593000 0.132834 0.170175
4 0.650731 0.597988 0.058072 0.126937
1 0.182345 0.638475 0.031004 0.081925
0 0.163928 0.426150 0.202834 0.201212
4 0.164722 0.424766 0.113749 0.119731
1 0.579937 0.366838 0.085112 0.048225
1 0.329771 0.373759 0.071578 0.067606
0 0.855682 0.218647 0.184583 0.166806
4 0.832170 0.227541 0.085901 0.106431
0 0.722377 0.249988 0.076323 0.087025
4 0.729556 0.251375 0.038179 0.029937
0 0.301937 0.240406 0.059839 0.102650
0 0.377117 0.223431 0.085175 0.124838
4 0.373287 0.221025 0.035291 0.045712
1 0.226386 0.054084 0.053399 0.042019
1 0.147439 0.051519 0.033605 0.063838
