0 0.245332 0.188972 0.133534 0.150444
4 0.911435 0.163609 0.035982 0.076344
4 0.840269 0.197878 0.043982 0.121481
4 0.459632 0.192025 0.051982 0.107550
4 0.243327 0.198156 0.043175 0.100862
1 0.832493 0.890369 0.103623 0.088387
0 0.753677 0.723041 0.212466 0.193081
1 0.607578 0.777028 0.072161 0.065381
1 0.250574 0.910763 0.236054 0.178475
1 0.288556 0.723866 0.304000 0.149256
0 0.716341 0.496228 0.135928 0.160669
1 0.941583 0.356222 0.090628 0.116556
0 0.915834 0.159150 0.073570 0.155475
0 0.827076 0.189241 0.099157 0.154356
1 0.609143 0.029003 0.092009 0.058006
1 0.392848 0.043797 0.094395 0.078569
0 0.452839 0.182275 0.126341 0.167175
