0 0.427462 0.091225 0.071731 0.140300
3 0.327892 0.076353 0.061525 0.086044
4 0.437825 0.095944 0.048135 0.067725
4 0.541256 0.091109 0.117076 0.108356
4 0.414278 0.247928 0.052646 0.103556
0 0.405951 0.248625 0.102628 0.151387
4 0.876520 0.157444 0.097184 0.160600
0 0.857780 0.163731 0.151327 0.256375
1 0.909610 0.037319 0.030072 0.053213
4 0.384735 0.541828 0.053865 0.109519
4 0.486915 0.525378 0.111623 0.117644
0 0.368359 0.533119 0.108843 0.188075
0 0.506072 0.520734 0.161040 0.200456
4 0.835372 0.431731 0.130493 0.123062
0 0.827045 0.432503 0.190466 0.174144
0 0.209982 0.713841 0.133274 0.144344
3 0.211924 0.929816 0.235453 0.034831
1 0.448996 0.686034 0.110350 0.083031
0 0.545314 0.091303 0.161013 0.177019
