1 0.150964 0.178566 0.126682 0.162494
0 0.759063 0.788837 0.115955 0.127700
0 0.567148 0.718022 0.167928 0.220119
4 0.540072 0.787825 0.037274 0.018588
4 0.564148 0.699603 0.086843 0.157869
0 0.422646 0.843072 0.114081 0.182969
0 0.278009 0.815997 0.170978 0.182069
0 0.112076 0.881066 0.157265 0.183431
4 0.426937 0.846931 0.081964 0.107737
4 0.285668 0.816516 0.124610 0.116556
4 0.126996 0.887641 0.121256 0.118156
1 0.331130 0.445297 0.334260 0.276394
3 0.799709 0.249831 0.178592 0.030650
0 0.695426 0.097750 0.181883 0.195500
4 0.701291 0.090322 0.110350 0.119481
