1 0.483022 0.330428 0.141632 0.093081
1 0.401843 0.227713 0.244117 0.152463
1 0.229691 0.109844 0.295937 0.219688
0 0.368314 0.331828 0.088843 0.096719
1 0.840691 0.670144 0.155265 0.126775
1 0.654771 0.638103 0.053973 0.066406
3 0.185978 0.838016 0.098628 0.135594
0 0.381892 0.708453 0.181256 0.236831
4 0.382229 0.704044 0.100619 0.166712
0 0.486848 0.487641 0.203238 0.178781
4 0.483516 0.487178 0.113955 0.134206
0 0.646511 0.165084 0.243229 0.330169
4 0.686493 0.110284 0.088628 0.140706
4 0.602202 0.197222 0.069085 0.178144
