0 0.311435 0.789497 0.172143 0.244956
4 0.314489 0.793559 0.117175 0.128481
4 0.702099 0.748475 0.086081 0.119575
4 0.866193 0.723128 0.128834 0.116094
0 0.865345 0.733919 0.194170 0.182287
0 0.689516 0.747700 0.151229 0.196975
0 0.141233 0.802269 0.158269 0.269725
4 0.150673 0.803237 0.088287 0.187300
4 0.849623 0.575688 0.025991 0.048762
0 0.340507 0.549297 0.078215 0.108031
0 0.249345 0.561550 0.099498 0.131250
4 0.335417 0.543816 0.031928 0.042244
4 0.266466 0.567353 0.060628 0.087394
3 0.471480 0.395147 0.043946 0.020956
0 0.230825 0.267450 0.082834 0.108875
0 0.235610 0.401275 0.249874 0.156088
4 0.241848 0.400147 0.192969 0.122869
0 0.869731 0.218531 0.152556 0.153812
1 0.466623 0.146375 0.317713 0.292750
4 0.868717 0.221900 0.098870 0.090950
0 0.864753 0.560250 0.126099 0.133500
