1 0.156027 0.852319 0.312054 0.295362
3 0.641713 0.543272 0.036646 0.081731
1 0.162673 0.419941 0.107857 0.122394
1 0.273870 0.120506 0.259614 0.241012
1 0.712937 0.896884 0.229103 0.206231
4 0.583135 0.327481 0.045821 0.274050
4 0.581704 0.129259 0.050583 0.085144
0 0.582659 0.123606 0.140314 0.128375
0 0.586951 0.332472 0.183265 0.288019
1 0.613466 0.039200 0.044655 0.043950
1 0.558229 0.058606 0.052942 0.029513
1 0.854197 0.056250 0.141291 0.112500
1 0.871013 0.172488 0.072735 0.059025
1 0.880682 0.222047 0.054314 0.049719
1 0.852870 0.325506 0.098924 0.081487
1 0.685843 0.464641 0.139363 0.142344
