4 0.890448 0.575250 0.099462 0.163500
0 0.751520 0.590203 0.168709 0.188906
0 0.276175 0.106509 0.124386 0.145894
4 0.609646 0.101481 0.123848 0.130412
0 0.609085 0.101866 0.132717 0.135056
4 0.817327 0.101094 0.147157 0.151313
0 0.818713 0.100512 0.155489 0.157112
3 0.264511 0.272334 0.076628 0.117256
4 0.453596 0.319738 0.133830 0.198138
0 0.453601 0.320319 0.140493 0.204712
3 0.620202 0.239431 0.084978 0.041387
0 0.890417 0.573653 0.103955 0.171819
4 0.275619 0.106125 0.113283 0.141250
3 0.647121 0.373141 0.147713 0.030956
4 0.817327 0.300388 0.143821 0.157112
0 0.816215 0.300778 0.157148 0.163306
4 0.245408 0.887444 0.078852 0.092875
4 0.312601 0.823203 0.039982 0.073531
0 0.258193 0.861516 0.191004 0.216719
1 0.267637 0.724228 0.035865 0.044344
1 0.239484 0.750831 0.039722 0.045950
4 0.444063 0.805025 0.097561 0.209525
0 0.431269 0.808650 0.147130 0.288100
4 0.754709 0.590469 0.159103 0.179437
