0 0.819565 0.430528 0.238538 0.274444
0 0.589910 0.140991 0.212287 0.249994
4 0.592480 0.146022 0.118843 0.191169
4 0.322045 0.431034 0.092179 0.191556
4 0.191269 0.432581 0.097175 0.176075
0 0.173220 0.433937 0.148825 0.242250
0 0.332574 0.432003 0.162117 0.268569
4 0.826578 0.430066 0.161928 0.199219
4 0.173511 0.859838 0.157372 0.144437
0 0.171605 0.862513 0.226439 0.216662
4 0.415722 0.852225 0.134386 0.122675
0 0.403507 0.852809 0.174368 0.209744
4 0.572879 0.893247 0.084413 0.088619
0 0.573987 0.893441 0.153265 0.164856
4 0.849704 0.861516 0.137166 0.186144
0 0.836372 0.858613 0.196027 0.237612
4 0.285946 0.187816 0.083300 0.130031
0 0.283726 0.181234 0.144386 0.172594
