0 0.546906 0.838709 0.260987 0.262794
4 0.523372 0.850409 0.148735 0.155144
4 0.645242 0.835031 0.050861 0.181887
0 0.308910 0.857094 0.207274 0.203287
4 0.833341 0.667594 0.194843 0.204063
3 0.375601 0.128875 0.173677 0.207300
3 0.538726 0.128206 0.077722 0.133738
4 0.851552 0.182037 0.093076 0.096962
0 0.843874 0.180028 0.133381 0.177206
0 0.832242 0.665706 0.206547 0.213712
4 0.275803 0.399700 0.156413 0.189913
0 0.271004 0.403375 0.231265 0.246750
3 0.826121 0.383984 0.140099 0.169181
4 0.322825 0.861444 0.125704 0.147788
