4 0.744386 0.487819 0.113417 0.117862
4 0.883812 0.496141 0.113274 0.128956
4 0.399157 0.368569 0.091534 0.120638
4 0.791143 0.202175 0.063668 0.095675
0 0.727969 0.481328 0.184063 0.190844
0 0.335484 0.212712 0.105462 0.083200
0 0.785175 0.196766 0.137291 0.145594
0 0.769852 0.862628 0.206933 0.231569
0 0.890435 0.487809 0.131722 0.176119
0 0.917991 0.840441 0.085758 0.128956
0 0.550704 0.841247 0.134717 0.190981
0 0.164377 0.856897 0.128969 0.161294
1 0.514928 0.615425 0.043184 0.038112
1 0.474628 0.647522 0.035498 0.042131
1 0.313901 0.717403 0.042224 0.053494
1 0.293269 0.788622 0.052780 0.056844
0 0.390202 0.370650 0.165157 0.174712
4 0.172323 0.858050 0.063677 0.095675
4 0.553363 0.850425 0.049740 0.141437
4 0.785175 0.868453 0.159175 0.152531
4 0.904561 0.842794 0.039794 0.054087
