0 0.750991 0.793625 0.277318 0.307625
0 0.214744 0.450481 0.192072 0.168537
0 0.678336 0.235253 0.221085 0.234956
3 0.413085 0.826991 0.137291 0.166394
3 0.512417 0.655047 0.113103 0.152531
4 0.827960 0.738941 0.043776 0.112319
4 0.728466 0.826300 0.131318 0.178875
4 0.218085 0.442894 0.121372 0.094287
4 0.689664 0.234897 0.129336 0.169169
4 0.419054 0.226578 0.041785 0.052694
4 0.295691 0.239059 0.153211 0.194131
4 0.204619 0.647594 0.181256 0.171437
0 0.329256 0.225766 0.291982 0.242906
4 0.137377 0.846525 0.179327 0.219325
0 0.140404 0.847187 0.193991 0.223625
0 0.204081 0.647453 0.186780 0.173106
