3 0.384233 0.515162 0.145919 0.115550
3 0.896601 0.356275 0.029848 0.070487
4 0.566632 0.557916 0.069641 0.076269
4 0.637103 0.747997 0.097830 0.139819
4 0.662807 0.512272 0.086224 0.093594
4 0.357704 0.842753 0.096179 0.174481
1 0.266148 0.438713 0.045534 0.062688
4 0.157067 0.552138 0.145919 0.147912
4 0.730260 0.200231 0.081578 0.081813
4 0.569085 0.130900 0.137291 0.159462
4 0.155211 0.169725 0.141274 0.220475
4 0.807063 0.740487 0.126018 0.124800
0 0.152919 0.546359 0.230484 0.194131
0 0.550049 0.555606 0.109444 0.161775
0 0.341103 0.844484 0.155821 0.247281
0 0.625493 0.754931 0.170789 0.192975
0 0.813695 0.752044 0.189022 0.187200
0 0.154578 0.169081 0.177426 0.262300
0 0.565803 0.128059 0.157525 0.212619
0 0.724982 0.200266 0.117731 0.137531
0 0.670274 0.519203 0.124386 0.183781
