4 0.141372 0.182244 0.114798 0.147588
2 0.519919 0.966550 0.185489 0.044075
2 0.347291 0.968691 0.156179 0.047144
1 0.367928 0.466587 0.041453 0.060087
1 0.368166 0.537109 0.040529 0.075294
2 0.938776 0.777794 0.043238 0.344562
1 0.200803 0.869500 0.087058 0.060500
0 0.175489 0.735059 0.172951 0.207006
0 0.453094 0.470922 0.125937 0.177456
0 0.563570 0.470922 0.086170 0.182844
0 0.529309 0.086056 0.125991 0.151662
0 0.130704 0.179047 0.151202 0.216319
0 0.248471 0.126269 0.078215 0.111787
0 0.831009 0.190150 0.266879 0.191550
4 0.787009 0.215519 0.118753 0.081725
4 0.903291 0.186781 0.087408 0.122875
4 0.537126 0.084481 0.084117 0.079425
4 0.244359 0.122931 0.036287 0.052875
4 0.460036 0.470516 0.087085 0.086894
4 0.556031 0.469137 0.061354 0.117237
4 0.184135 0.737400 0.105561 0.129887
4 0.742448 0.897169 0.090709 0.118388
4 0.852426 0.875903 0.114897 0.091956
0 0.789157 0.878106 0.254870 0.215712
