1 0.352457 0.752163 0.058422 0.094188
1 0.895386 0.063706 0.044673 0.063063
1 0.851857 0.163481 0.058422 0.055075
1 0.704099 0.363434 0.154637 0.092594
0 0.841552 0.400153 0.143175 0.180394
0 0.160027 0.579750 0.166081 0.145275
2 0.292664 0.251556 0.373865 0.072800
2 0.772368 0.274066 0.299641 0.029694
2 0.808794 0.244563 0.224045 0.016625
2 0.847874 0.206934 0.144969 0.017131
2 0.836193 0.226972 0.170700 0.017644
4 0.193242 0.405741 0.049247 0.130906
0 0.189776 0.405738 0.145471 0.188375
4 0.847848 0.391772 0.045812 0.130106
1 0.379372 0.570169 0.206170 0.129312
0 0.471578 0.752169 0.136305 0.166037
0 0.583327 0.721259 0.081022 0.098481
4 0.572951 0.715447 0.032072 0.043106
1 0.793004 0.717891 0.032682 0.064794
4 0.161722 0.588528 0.089291 0.087806
2 0.055565 0.174928 0.050861 0.256706
4 0.473870 0.750566 0.095076 0.097381
0 0.339283 0.889853 0.119121 0.104569
