4 0.571659 0.474053 0.106404 0.155019
4 0.451686 0.582016 0.125381 0.105919
4 0.325009 0.611762 0.055274 0.072225
0 0.743269 0.272081 0.158664 0.179337
4 0.743686 0.277147 0.088413 0.105919
4 0.421121 0.092225 0.131570 0.103450
1 0.171430 0.296822 0.090717 0.062069
0 0.331691 0.815141 0.355812 0.256031
4 0.255112 0.834428 0.131265 0.169319
4 0.414596 0.782669 0.130126 0.136412
1 0.397897 0.449250 0.036852 0.061788
0 0.590493 0.528469 0.146547 0.299937
0 0.441682 0.577187 0.148565 0.205100
0 0.311332 0.615038 0.103632 0.137700
0 0.418821 0.095991 0.200709 0.191694
1 0.693274 0.422062 0.056682 0.085700
