1 0.311650 0.457678 0.046063 0.071419
0 0.153897 0.613353 0.124368 0.116356
0 0.463650 0.549156 0.225686 0.252775
4 0.448529 0.571397 0.094404 0.146406
4 0.517848 0.482031 0.032108 0.045187
1 0.807211 0.070300 0.047175 0.041238
1 0.698857 0.042994 0.081570 0.055725
0 0.579830 0.223562 0.177919 0.209900
4 0.576910 0.239297 0.151991 0.126144
4 0.427677 0.254225 0.096717 0.104000
4 0.266700 0.234966 0.073238 0.069331
0 0.416623 0.245075 0.138179 0.166587
0 0.267390 0.236891 0.146475 0.148294
1 0.772830 0.822391 0.049516 0.043331
1 0.760735 0.770228 0.043749 0.043331
4 0.674951 0.778256 0.047211 0.081850
4 0.644435 0.880566 0.050664 0.076231
0 0.655951 0.888994 0.142789 0.121975
0 0.672108 0.765031 0.103677 0.119562
1 0.813704 0.748566 0.048359 0.083456
1 0.345623 0.730109 0.054117 0.062594
1 0.611619 0.470116 0.056422 0.083456
4 0.151018 0.617766 0.095578 0.048144
