0 0.452583 0.212828 0.195641 0.171094
0 0.644489 0.217750 0.180637 0.158750
1 0.197614 0.232900 0.031498 0.059862
1 0.811417 0.842091 0.057704 0.067944
4 0.673130 0.860116 0.083570 0.112319
4 0.485090 0.867047 0.101480 0.092906
4 0.191596 0.871197 0.167139 0.090106
3 0.794507 0.659053 0.067650 0.062394
4 0.882058 0.217413 0.099489 0.077650
4 0.650247 0.226425 0.129336 0.104000
4 0.454251 0.217413 0.119390 0.105388
4 0.223453 0.367866 0.091570 0.076269
0 0.225413 0.509756 0.163525 0.169312
0 0.227709 0.368122 0.168117 0.107531
4 0.903942 0.379647 0.067650 0.110931
0 0.675637 0.851678 0.167686 0.168581
0 0.482516 0.864606 0.160816 0.169538
0 0.191126 0.876103 0.232296 0.194444
4 0.226417 0.498203 0.101480 0.109544
4 0.772614 0.519697 0.135309 0.155306
4 0.877081 0.484341 0.037803 0.051306
0 0.880610 0.217262 0.147390 0.136412
0 0.816695 0.459200 0.284422 0.296100
