1 0.772157 0.338384 0.067704 0.076069
0 0.804426 0.144875 0.258413 0.208813
1 0.093682 0.717659 0.031291 0.062569
0 0.204592 0.287344 0.133937 0.197687
1 0.177045 0.054850 0.062018 0.096075
1 0.159157 0.165813 0.063211 0.044875
0 0.105444 0.542528 0.146475 0.230144
0 0.147587 0.869447 0.211408 0.206069
0 0.519901 0.855487 0.282529 0.238113
0 0.793152 0.791503 0.260260 0.262906
4 0.854426 0.742413 0.031507 0.084350
4 0.765722 0.811744 0.142601 0.132887
4 0.594099 0.815213 0.087874 0.070487
4 0.474713 0.862587 0.084565 0.165237
4 0.128525 0.472275 0.037803 0.058238
4 0.879664 0.147109 0.099489 0.126181
4 0.764256 0.158897 0.103471 0.113706
4 0.204135 0.285081 0.053722 0.138662
4 0.104646 0.573884 0.053722 0.137894
4 0.148054 0.874144 0.130996 0.130575
