0 0.357148 0.557959 0.119390 0.131706
0 0.847632 0.509437 0.165148 0.181650
4 0.184776 0.828356 0.140762 0.109537
4 0.272888 0.743722 0.026870 0.060181
0 0.196628 0.800787 0.229345 0.240737
1 0.755435 0.817063 0.076000 0.087625
1 0.348493 0.842050 0.069076 0.081950
1 0.493139 0.063803 0.034709 0.037406
1 0.366812 0.048328 0.102269 0.059981
4 0.627094 0.172394 0.089543 0.076262
4 0.865040 0.196659 0.081256 0.106306
4 0.937170 0.171816 0.036475 0.056619
0 0.626269 0.172394 0.137632 0.154837
0 0.850117 0.198969 0.121040 0.164087
0 0.944928 0.171059 0.064404 0.122006
3 0.515121 0.131203 0.074045 0.024506
1 0.582991 0.338188 0.037803 0.066562
0 0.139601 0.202438 0.126018 0.159463
0 0.315363 0.200125 0.119390 0.161775
4 0.140430 0.208212 0.038135 0.115550
4 0.320336 0.204169 0.039794 0.112087
1 0.386996 0.349972 0.119390 0.092906
1 0.679498 0.329866 0.087552 0.066556
4 0.852605 0.512903 0.087543 0.094294
4 0.358143 0.552422 0.049740 0.051306
