4 0.428623 0.163888 0.084457 0.173325
4 0.337390 0.196725 0.080305 0.072112
4 0.559453 0.201212 0.117453 0.144438
4 0.796664 0.063191 0.041453 0.054569
0 0.373623 0.164109 0.205345 0.242444
0 0.558314 0.195063 0.156377 0.202000
1 0.456085 0.027391 0.041587 0.036219
1 0.194197 0.376231 0.163928 0.120925
1 0.768350 0.544803 0.194314 0.112569
3 0.466188 0.681241 0.220861 0.054081
1 0.642677 0.897331 0.044457 0.058413
1 0.232516 0.874762 0.250556 0.209900
1 0.856309 0.817013 0.048368 0.090675
1 0.761368 0.342081 0.084457 0.045688
0 0.793430 0.061062 0.125085 0.115900
3 0.584296 0.820906 0.154637 0.083812
3 0.418206 0.837234 0.114439 0.113706
