4 0.467749 0.155869 0.086224 0.080888
0 0.306242 0.878988 0.169758 0.173350
4 0.861556 0.333831 0.054717 0.106338
4 0.184202 0.486347 0.135973 0.191819
4 0.301103 0.505994 0.077937 0.062400
4 0.418830 0.712253 0.087883 0.139819
4 0.311879 0.858428 0.076278 0.131731
4 0.552314 0.880381 0.082906 0.138662
4 0.656776 0.865362 0.066323 0.062400
4 0.849955 0.668922 0.048090 0.055469
0 0.848296 0.673544 0.124359 0.104000
0 0.546511 0.873450 0.130996 0.196438
0 0.666726 0.867675 0.102798 0.138663
4 0.811816 0.467859 0.164152 0.131731
1 0.767422 0.208341 0.057283 0.064319
1 0.790525 0.154009 0.057283 0.041019
0 0.235605 0.477106 0.258673 0.256525
0 0.819274 0.419328 0.228825 0.314306
0 0.456969 0.155869 0.134314 0.161775
0 0.417933 0.707647 0.102951 0.167581
