1 0.376547 0.700700 0.109435 0.107462
3 0.474381 0.403150 0.119381 0.145600
0 0.880296 0.831853 0.127677 0.239194
0 0.742668 0.842769 0.140942 0.226600
0 0.570224 0.849125 0.187372 0.176913
4 0.876484 0.835319 0.074619 0.143287
4 0.749655 0.846872 0.109480 0.115556
4 0.141072 0.196891 0.086269 0.095906
4 0.210731 0.118316 0.046430 0.077419
4 0.321843 0.207866 0.069677 0.048531
4 0.538220 0.184178 0.117731 0.139819
4 0.564749 0.057656 0.034825 0.025437
4 0.583821 0.849762 0.145919 0.091288
0 0.369583 0.863628 0.144260 0.134044
0 0.716744 0.199800 0.085955 0.124800
0 0.527274 0.178612 0.167928 0.202650
0 0.564695 0.043853 0.095004 0.060181
0 0.324139 0.204969 0.120332 0.119063
0 0.165143 0.165109 0.187381 0.233406
1 0.818444 0.075559 0.031507 0.047381
1 0.859072 0.040894 0.039794 0.042750
