4 0.406296 0.167909 0.105453 0.183031
4 0.543592 0.188709 0.097498 0.146981
4 0.897776 0.068072 0.057704 0.066556
4 0.873897 0.201881 0.101480 0.142825
4 0.820170 0.400863 0.121381 0.133113
4 0.674919 0.465341 0.093516 0.176106
4 0.159565 0.711469 0.121372 0.160850
3 0.132700 0.879253 0.095516 0.088744
3 0.161552 0.407806 0.177094 0.033300
3 0.397359 0.466741 0.155238 0.045731
3 0.367498 0.551312 0.194996 0.042987
0 0.398341 0.165828 0.145256 0.250981
0 0.546475 0.183091 0.147444 0.227544
0 0.832099 0.407734 0.165184 0.194281
0 0.163543 0.710084 0.208933 0.230181
0 0.892287 0.056931 0.137220 0.111863
0 0.873897 0.205116 0.161175 0.180731
0 0.663677 0.467422 0.154619 0.244044
