0 0.389386 0.427900 0.246735 0.259300
4 0.175480 0.175534 0.117399 0.131731
4 0.296861 0.180388 0.109435 0.077650
4 0.843054 0.152656 0.127345 0.166400
4 0.579408 0.436222 0.081578 0.167781
4 0.658996 0.353719 0.057704 0.063788
4 0.359534 0.455634 0.115408 0.128956
4 0.464996 0.384916 0.087552 0.128956
4 0.120762 0.855681 0.051731 0.099838
4 0.182444 0.822400 0.039794 0.094287
4 0.440121 0.851519 0.049749 0.094287
3 0.752502 0.610938 0.037776 0.062400
1 0.518717 0.620644 0.055713 0.062400
1 0.525682 0.703150 0.065659 0.058238
1 0.329691 0.718400 0.063668 0.055463
1 0.088924 0.671256 0.051731 0.063787
3 0.837085 0.608856 0.059695 0.058237
0 0.622188 0.427141 0.191013 0.258056
0 0.732619 0.852209 0.204951 0.209381
0 0.842081 0.149188 0.204987 0.237113
0 0.235161 0.170688 0.276601 0.221875
0 0.144637 0.845972 0.175103 0.196906
0 0.435148 0.849437 0.131318 0.162238
4 0.735605 0.852903 0.163157 0.166394
