1 0.657794 0.083816 0.051821 0.054569
4 0.271987 0.750528 0.093157 0.144681
3 0.511623 0.710128 0.044771 0.039319
0 0.729040 0.873150 0.123372 0.127575
0 0.537022 0.853044 0.196987 0.162238
0 0.257108 0.753844 0.158108 0.194562
0 0.125803 0.717350 0.100179 0.125987
0 0.753363 0.508709 0.134726 0.182156
0 0.884637 0.129956 0.102475 0.169312
0 0.409072 0.136375 0.143937 0.254375
3 0.537462 0.139184 0.087516 0.200606
1 0.691193 0.335784 0.065614 0.085056
1 0.627852 0.352637 0.049516 0.069012
1 0.867942 0.816853 0.103632 0.132406
4 0.733215 0.874631 0.055274 0.069813
4 0.542641 0.858981 0.125516 0.105925
4 0.138466 0.715744 0.058726 0.069813
4 0.758547 0.510719 0.059874 0.091475
4 0.886363 0.140391 0.034538 0.100306
4 0.417417 0.130150 0.080233 0.183700
3 0.585821 0.704913 0.057578 0.077037
