0 0.802659 0.831553 0.191022 0.230181
0 0.671336 0.314334 0.159175 0.210769
0 0.136085 0.824619 0.135309 0.185812
0 0.254493 0.806591 0.081543 0.185806
4 0.677305 0.315722 0.119381 0.169169
3 0.867327 0.094556 0.117399 0.101225
3 0.720085 0.093863 0.117390 0.116475
4 0.842457 0.289378 0.115408 0.155306
4 0.131112 0.350388 0.081578 0.122025
4 0.474350 0.350391 0.031839 0.105381
4 0.153991 0.824616 0.087552 0.091519
4 0.241543 0.802431 0.039803 0.105388
4 0.782762 0.838481 0.087552 0.160850
4 0.863350 0.796191 0.053731 0.084581
3 0.634525 0.491825 0.077605 0.080425
1 0.161951 0.527878 0.075614 0.127569
1 0.446493 0.527878 0.111426 0.124794
1 0.251493 0.063356 0.095507 0.102613
0 0.128126 0.342762 0.147247 0.165012
0 0.469372 0.348309 0.093525 0.156694
0 0.842457 0.295616 0.163157 0.206606
