1 0.071417 0.697047 0.053722 0.066556
4 0.636516 0.701900 0.077605 0.112313
4 0.634525 0.866219 0.073623 0.180263
4 0.237565 0.884938 0.099489 0.123413
3 0.735987 0.666525 0.057731 0.047175
4 0.356951 0.810056 0.051731 0.081812
3 0.460417 0.116741 0.107453 0.151144
1 0.734623 0.790650 0.029587 0.043900
0 0.501247 0.699188 0.141274 0.115075
0 0.637740 0.696194 0.124090 0.125050
0 0.641561 0.874462 0.146996 0.219513
0 0.359978 0.807281 0.110717 0.133037
0 0.170031 0.507288 0.225265 0.214188
0 0.566336 0.513656 0.141193 0.221263
3 0.600695 0.104953 0.069641 0.069331
4 0.174888 0.507078 0.141274 0.133119
0 0.856000 0.418038 0.138547 0.211100
1 0.891839 0.315400 0.039821 0.051825
1 0.281309 0.049834 0.051372 0.056969
3 0.169175 0.070431 0.049166 0.061975
4 0.567865 0.520253 0.059695 0.170556
0 0.219368 0.882500 0.154628 0.183750
4 0.854395 0.420416 0.055713 0.148369
4 0.505202 0.693575 0.081614 0.087350
3 0.889215 0.127834 0.073623 0.145594
1 0.385798 0.380894 0.045767 0.063788
