3 0.831516 0.778166 0.109435 0.223244
4 0.340036 0.196475 0.089543 0.141437
4 0.524094 0.212419 0.075614 0.101225
4 0.856386 0.181916 0.123372 0.131731
4 0.250498 0.532731 0.121372 0.104000
4 0.550955 0.525106 0.125354 0.102612
4 0.812610 0.545212 0.115408 0.140050
4 0.910108 0.495987 0.051731 0.083200
4 0.347000 0.756672 0.175094 0.144206
3 0.579807 0.706753 0.043776 0.072106
1 0.368888 0.066822 0.075605 0.051306
1 0.630547 0.059197 0.061686 0.063781
0 0.341031 0.189541 0.147247 0.174719
0 0.517126 0.208259 0.153211 0.145594
0 0.857381 0.174288 0.173112 0.188588
0 0.253480 0.531344 0.171121 0.184425
0 0.545982 0.527188 0.198978 0.201063
0 0.835466 0.523722 0.232744 0.232944
0 0.343022 0.762219 0.210924 0.213538
3 0.516143 0.731016 0.035874 0.056844
1 0.700807 0.688322 0.026547 0.040356
1 0.670511 0.696391 0.028664 0.045156
