0 0.387789 0.525797 0.212906 0.189969
0 0.835493 0.477266 0.220870 0.262069
0 0.339040 0.846113 0.167139 0.220475
0 0.817583 0.874534 0.268619 0.188581
0 0.872305 0.109116 0.151229 0.183031
0 0.296260 0.122288 0.121381 0.198288
0 0.103251 0.235994 0.129336 0.184425
3 0.161955 0.448841 0.059731 0.091519
4 0.899166 0.873150 0.077596 0.108162
4 0.785744 0.873150 0.129336 0.088750
4 0.341031 0.849578 0.051731 0.135894
4 0.882247 0.419028 0.063686 0.128956
4 0.814601 0.519559 0.115408 0.105381
4 0.390776 0.536891 0.151220 0.126181
4 0.887229 0.111194 0.093525 0.104000
4 0.106233 0.237378 0.055713 0.145594
3 0.328099 0.394069 0.053722 0.073487
4 0.297256 0.122981 0.087552 0.146987
3 0.434552 0.378816 0.059686 0.056856
3 0.140063 0.085544 0.135300 0.055463
3 0.174883 0.367031 0.220870 0.041600
