0 0.405305 0.315725 0.155202 0.195513
0 0.907099 0.558631 0.108744 0.209350
1 0.346570 0.516559 0.054538 0.072206
3 0.762870 0.766378 0.027857 0.047144
0 0.752915 0.602978 0.194996 0.240831
4 0.823552 0.092475 0.053722 0.094287
4 0.823552 0.225591 0.085561 0.133119
4 0.408682 0.321962 0.051731 0.159463
4 0.335063 0.645050 0.095507 0.084588
4 0.772816 0.615928 0.151229 0.151144
4 0.896175 0.555625 0.079578 0.116500
4 0.522103 0.887709 0.051740 0.070719
1 0.740978 0.857203 0.055713 0.103994
0 0.511157 0.889097 0.109435 0.131731
0 0.332076 0.641581 0.161175 0.155300
1 0.426193 0.478653 0.093516 0.080419
1 0.527713 0.775791 0.040000 0.039581
1 0.747547 0.453700 0.103471 0.049900
0 0.824148 0.172900 0.157193 0.300900
1 0.492852 0.197166 0.087552 0.105381
