4 0.147027 0.591828 0.085964 0.079869
4 0.515933 0.872206 0.088350 0.098175
4 0.600695 0.874703 0.052529 0.083194
4 0.121955 0.893837 0.097901 0.088188
4 0.745157 0.564375 0.121776 0.098175
4 0.828726 0.491994 0.035821 0.059900
4 0.332081 0.227425 0.040592 0.099838
1 0.240148 0.816466 0.052529 0.076544
0 0.113583 0.898831 0.143238 0.154750
0 0.535036 0.877200 0.212511 0.181375
0 0.760677 0.549400 0.229229 0.214650
0 0.155386 0.590997 0.136099 0.134781
0 0.335659 0.223266 0.114619 0.164731
3 0.435937 0.196769 0.042942 0.061750
3 0.634300 0.071834 0.056583 0.068406
1 0.406619 0.319325 0.040215 0.064600
1 0.737892 0.085856 0.042960 0.076462
1 0.315816 0.730656 0.044170 0.047200
