0 0.584691 0.804347 0.207300 0.280944
0 0.222857 0.150012 0.189677 0.196550
2 0.056045 0.286087 0.035731 0.457850
2 0.286951 0.374678 0.365650 0.075644
2 0.752229 0.398634 0.328511 0.029694
2 0.827045 0.314663 0.185049 0.021937
0 0.413359 0.152888 0.184726 0.232187
4 0.598462 0.732106 0.035543 0.093412
4 0.223901 0.150625 0.180000 0.192500
4 0.410852 0.152687 0.175605 0.227375
4 0.548619 0.864200 0.087049 0.095787
4 0.640251 0.776397 0.038942 0.183594
1 0.847000 0.860609 0.053839 0.042306
1 0.860744 0.940028 0.062996 0.047894
1 0.242220 0.753647 0.028637 0.021556
2 0.811839 0.337759 0.216502 0.022706
2 0.783955 0.361625 0.272323 0.019637
3 0.291973 0.496563 0.180538 0.036625
1 0.513072 0.527331 0.070789 0.144675
