0 0.236709 0.293369 0.136574 0.244138
0 0.291139 0.507853 0.154386 0.173794
0 0.524695 0.149922 0.118753 0.142069
0 0.226816 0.876128 0.195946 0.193106
3 0.561314 0.810612 0.077193 0.111725
1 0.644978 0.097747 0.027623 0.055819
4 0.248583 0.287166 0.069274 0.165519
4 0.533601 0.149234 0.049480 0.085519
4 0.238686 0.875441 0.128655 0.114481
4 0.702215 0.731234 0.028753 0.044906
4 0.703480 0.862444 0.128287 0.133300
4 0.288839 0.510031 0.045821 0.111750
1 0.680605 0.069069 0.024852 0.050812
0 0.705767 0.824528 0.160359 0.292144
1 0.757386 0.082159 0.031489 0.053894
