4 0.784574 0.161134 0.127139 0.133306
4 0.664345 0.812650 0.038179 0.045900
4 0.253901 0.718859 0.103085 0.119069
4 0.160363 0.826950 0.078269 0.200887
4 0.605664 0.856881 0.058269 0.160975
1 0.626462 0.654481 0.030233 0.033525
1 0.616157 0.704766 0.031614 0.034481
0 0.179507 0.164822 0.290960 0.302069
1 0.289874 0.235031 0.061650 0.070675
1 0.502812 0.083297 0.049265 0.073406
0 0.805767 0.159141 0.254278 0.221906
1 0.759821 0.393631 0.021525 0.027737
0 0.209040 0.786375 0.230996 0.344562
0 0.615664 0.855222 0.198538 0.221506
4 0.136955 0.181369 0.146466 0.155862
4 0.256717 0.105516 0.081184 0.106219
4 0.888807 0.129206 0.033220 0.106163
