4 0.794417 0.168413 0.077157 0.152438
4 0.882354 0.137763 0.079220 0.102438
4 0.347830 0.378222 0.037220 0.088469
4 0.288175 0.411813 0.038179 0.083813
4 0.180309 0.431769 0.118359 0.107762
4 0.863632 0.411297 0.117937 0.187581
4 0.198695 0.855500 0.096206 0.189975
4 0.592717 0.828759 0.054978 0.091794
4 0.541740 0.892231 0.037776 0.041538
4 0.774247 0.904191 0.081283 0.118131
4 0.727879 0.748941 0.116834 0.102969
4 0.723870 0.616834 0.085910 0.094194
1 0.283184 0.063897 0.027157 0.053894
1 0.314717 0.048500 0.025776 0.053250
1 0.791444 0.573331 0.024054 0.040712
0 0.770269 0.900597 0.176413 0.170019
0 0.733605 0.680300 0.167229 0.261025
0 0.557785 0.849913 0.168377 0.215512
0 0.194112 0.853903 0.213049 0.263406
0 0.245215 0.414475 0.322628 0.220838
0 0.614135 0.163038 0.191857 0.247450
0 0.826520 0.158384 0.217632 0.230144
0 0.176143 0.149647 0.205848 0.212419
0 0.853300 0.417281 0.209614 0.228288
4 0.179112 0.146200 0.108861 0.139313
4 0.605650 0.174472 0.091049 0.173794
4 0.676901 0.093097 0.047507 0.049656
