0 0.532717 0.117084 0.186924 0.192344
1 0.642484 0.074403 0.034206 0.073719
4 0.837354 0.728938 0.145022 0.190625
4 0.534067 0.851706 0.163022 0.197413
4 0.382054 0.824266 0.038691 0.051994
4 0.265978 0.881559 0.132655 0.133844
4 0.881704 0.436919 0.041238 0.049487
4 0.809543 0.488400 0.087049 0.133300
4 0.326753 0.523922 0.113399 0.153256
4 0.570103 0.104612 0.037390 0.095338
4 0.507664 0.129003 0.044547 0.094231
4 0.255112 0.124031 0.174260 0.189562
1 0.170161 0.558125 0.058529 0.078750
0 0.254717 0.123184 0.186135 0.196781
0 0.824435 0.482016 0.210753 0.225894
0 0.321946 0.523828 0.203121 0.182956
0 0.292233 0.867600 0.276359 0.225325
0 0.534049 0.850266 0.193444 0.211844
0 0.837354 0.728453 0.169955 0.199331
1 0.599520 0.717822 0.073857 0.044119
1 0.698637 0.697297 0.065507 0.050281
