4 0.229637 0.134416 0.131274 0.181031
0 0.534659 0.852156 0.166592 0.255413
0 0.224803 0.134416 0.149229 0.196444
0 0.389502 0.137928 0.176583 0.220194
0 0.568363 0.334638 0.157623 0.190025
0 0.166785 0.341841 0.199919 0.184781
0 0.872179 0.123313 0.181919 0.197362
1 0.890507 0.328334 0.029318 0.035294
0 0.879843 0.535916 0.151937 0.174606
0 0.441368 0.585834 0.195919 0.226156
0 0.155493 0.776000 0.145265 0.142100
0 0.558300 0.149212 0.115901 0.137900
4 0.160099 0.770197 0.075857 0.078481
4 0.388547 0.139712 0.161668 0.208962
4 0.560027 0.157141 0.049740 0.090519
4 0.564861 0.319397 0.120215 0.128069
4 0.166099 0.341844 0.193004 0.178937
4 0.861848 0.136547 0.079964 0.128169
4 0.924157 0.072228 0.036655 0.045044
4 0.881843 0.527788 0.071973 0.094275
4 0.449700 0.586766 0.089964 0.149994
4 0.533991 0.844041 0.095964 0.219669
