0 0.250229 0.417809 0.292942 0.227256
0 0.856148 0.126037 0.158915 0.200287
4 0.398771 0.162147 0.150619 0.178144
4 0.863744 0.127003 0.096726 0.146369
0 0.397390 0.159259 0.222475 0.241694
0 0.197722 0.104372 0.160287 0.166594
4 0.208771 0.431772 0.121596 0.170444
0 0.649466 0.846141 0.255094 0.226781
4 0.205323 0.105816 0.092583 0.098219
4 0.617480 0.853653 0.095157 0.125944
4 0.233646 0.801059 0.044224 0.069331
4 0.143709 0.855944 0.128511 0.136738
4 0.807094 0.420216 0.121596 0.156956
4 0.326224 0.386512 0.085668 0.101112
1 0.601619 0.585938 0.062179 0.054887
0 0.158879 0.847803 0.246296 0.250206
3 0.242628 0.647950 0.053883 0.080888
0 0.798108 0.419734 0.200359 0.217619
4 0.713839 0.833872 0.079964 0.112006
