3 0.106610 0.310387 0.131964 0.121838
0 0.700874 0.530088 0.223381 0.192625
1 0.843717 0.464259 0.031812 0.034181
1 0.215991 0.604225 0.027839 0.038800
1 0.244498 0.589675 0.022538 0.041112
0 0.151148 0.514409 0.184735 0.162069
3 0.496695 0.315559 0.097318 0.081606
3 0.775444 0.171881 0.094009 0.134488
3 0.319386 0.198319 0.082466 0.141375
3 0.870547 0.568188 0.105363 0.035125
4 0.150323 0.506366 0.130296 0.113794
4 0.713135 0.528931 0.152457 0.137650
1 0.189143 0.606997 0.020547 0.033256
1 0.076794 0.617853 0.034466 0.042956
3 0.317740 0.528700 0.101417 0.118712
3 0.515605 0.523388 0.132574 0.164450
