4 0.651000 0.830966 0.086592 0.135056
4 0.538978 0.418606 0.035731 0.088125
4 0.884336 0.181303 0.035004 0.132481
4 0.306462 0.210125 0.066018 0.037138
4 0.165655 0.679175 0.089857 0.127850
0 0.850300 0.432016 0.122323 0.159006
0 0.636570 0.833359 0.145695 0.218394
0 0.809063 0.831922 0.191058 0.263406
1 0.206632 0.785950 0.159883 0.035475
0 0.157314 0.683512 0.182951 0.166850
0 0.687471 0.264728 0.147157 0.144119
0 0.877574 0.179641 0.113749 0.218956
4 0.692152 0.272269 0.084933 0.099337
0 0.313220 0.210681 0.098637 0.126938
0 0.541726 0.421959 0.123704 0.136969
0 0.209413 0.242831 0.102610 0.167963
0 0.514861 0.141947 0.126475 0.165744
4 0.222942 0.244769 0.034206 0.093125
4 0.521758 0.140031 0.077596 0.107563
4 0.807004 0.830003 0.131946 0.209769
4 0.845489 0.430581 0.032987 0.117813
