0 0.387682 0.390141 0.147327 0.269794
0 0.187933 0.660753 0.193803 0.227969
0 0.357184 0.675162 0.123121 0.172950
0 0.507049 0.675159 0.170852 0.252769
4 0.357668 0.676813 0.108879 0.159000
4 0.507758 0.676281 0.156323 0.244312
4 0.565780 0.372759 0.118753 0.201931
4 0.392395 0.430691 0.090260 0.129106
4 0.412583 0.301587 0.049883 0.046350
4 0.856731 0.128625 0.083130 0.144000
4 0.724915 0.135244 0.156753 0.130763
4 0.270072 0.137725 0.097381 0.135725
4 0.193426 0.657400 0.122332 0.173375
0 0.867027 0.125594 0.110430 0.200063
0 0.710314 0.133581 0.195408 0.211350
0 0.261762 0.136897 0.175758 0.187031
0 0.565780 0.372759 0.199507 0.238344
