4 0.744632 0.844575 0.046771 0.105775
4 0.706776 0.367256 0.110036 0.103012
4 0.839673 0.334459 0.112027 0.102081
4 0.208592 0.673859 0.081327 0.107756
4 0.480220 0.663853 0.030933 0.093156
0 0.870632 0.847244 0.134610 0.186912
0 0.682103 0.846578 0.225265 0.190906
0 0.494857 0.668856 0.141964 0.140112
0 0.207448 0.679047 0.163794 0.161244
0 0.766762 0.349253 0.302924 0.207381
3 0.578839 0.309053 0.039776 0.092844
1 0.187287 0.336519 0.061857 0.115712
4 0.517502 0.655575 0.031489 0.078912
4 0.644879 0.864537 0.106906 0.092463
4 0.876350 0.846578 0.050583 0.111081
