3 0.346471 0.098456 0.025892 0.068612
0 0.181776 0.225434 0.124969 0.161881
0 0.636296 0.209084 0.139785 0.185669
4 0.672556 0.717656 0.034278 0.130813
4 0.842018 0.733456 0.120108 0.170175
0 0.571099 0.415278 0.189318 0.191244
0 0.850691 0.412228 0.147157 0.184031
0 0.760592 0.206847 0.102135 0.164319
0 0.668978 0.718766 0.120987 0.176269
0 0.294731 0.464206 0.175507 0.289762
0 0.383852 0.701025 0.107381 0.107538
0 0.836771 0.734563 0.163857 0.206763
4 0.187300 0.230387 0.053435 0.114488
4 0.653426 0.218222 0.085112 0.116406
4 0.754525 0.208241 0.035794 0.101994
4 0.148726 0.473206 0.082726 0.136363
4 0.284345 0.460178 0.118520 0.221169
4 0.576269 0.410569 0.115336 0.136362
4 0.855448 0.407250 0.089910 0.118625
4 0.396982 0.706572 0.054090 0.066519
4 0.357605 0.865103 0.155103 0.126381
0 0.341655 0.865103 0.213892 0.217294
3 0.514655 0.695484 0.082798 0.058756
0 0.131076 0.468188 0.133363 0.211750
1 0.252386 0.074572 0.039139 0.048556
1 0.304408 0.053953 0.051543 0.051219
