0 0.586126 0.167075 0.160323 0.204137
0 0.833722 0.357003 0.175605 0.134756
1 0.277583 0.067084 0.035220 0.038794
1 0.248897 0.089250 0.025561 0.041962
4 0.861076 0.731438 0.039139 0.127050
4 0.745126 0.758709 0.131686 0.148331
4 0.578211 0.788456 0.104906 0.183450
4 0.461430 0.813972 0.104906 0.165519
4 0.838484 0.362250 0.126673 0.103450
4 0.805825 0.520872 0.089067 0.166894
4 0.272413 0.525009 0.063336 0.139306
4 0.887964 0.158109 0.075211 0.142069
4 0.589099 0.163628 0.122717 0.125519
4 0.426794 0.149838 0.110843 0.208275
4 0.132870 0.205697 0.104897 0.085519
0 0.581883 0.786644 0.120269 0.220175
0 0.452547 0.818575 0.130762 0.218850
0 0.784247 0.753716 0.274915 0.218181
0 0.801973 0.527884 0.192287 0.199769
0 0.270435 0.521563 0.134592 0.204137
0 0.881022 0.160181 0.128682 0.190350
0 0.416897 0.150525 0.162296 0.240000
0 0.127924 0.196044 0.174179 0.148962
