0 0.691426 0.150663 0.201883 0.208275
0 0.879323 0.839606 0.151130 0.199000
1 0.769543 0.611294 0.049901 0.044462
0 0.514224 0.792766 0.160682 0.206206
0 0.648650 0.872309 0.089085 0.163519
0 0.736148 0.836794 0.079543 0.181288
4 0.698354 0.152041 0.180117 0.186206
4 0.854713 0.134800 0.112816 0.160000
4 0.159466 0.827966 0.157498 0.142456
4 0.367466 0.831844 0.093067 0.104762
4 0.522578 0.793875 0.116924 0.125275
4 0.654619 0.872034 0.046924 0.101994
4 0.722229 0.836834 0.038969 0.113631
4 0.885269 0.836281 0.061211 0.141350
0 0.863982 0.130859 0.136251 0.198244
1 0.792036 0.673141 0.045812 0.037056
1 0.621076 0.720741 0.034350 0.035344
0 0.355139 0.830737 0.154314 0.187913
0 0.159462 0.826856 0.216359 0.207862
