3 0.114036 0.843722 0.080825 0.133331
4 0.858740 0.092572 0.059381 0.054019
4 0.121457 0.473031 0.046179 0.109200
4 0.472780 0.489125 0.046188 0.095400
4 0.754004 0.494294 0.130305 0.096550
4 0.679776 0.850616 0.143498 0.140231
0 0.655865 0.661538 0.102260 0.125288
0 0.683076 0.849469 0.219372 0.220688
0 0.118982 0.471881 0.130305 0.175863
0 0.852152 0.091997 0.112197 0.128731
0 0.474430 0.487400 0.115462 0.158625
0 0.745753 0.491422 0.199578 0.185056
3 0.895839 0.395447 0.080789 0.133331
3 0.192381 0.680503 0.102269 0.137931
