0 0.839076 0.116319 0.172197 0.157238
3 0.222534 0.441834 0.146466 0.137931
3 0.780686 0.453559 0.146466 0.166894
3 0.144547 0.704641 0.102260 0.027581
0 0.248462 0.803431 0.217713 0.248388
3 0.519785 0.819584 0.136897 0.163219
0 0.716067 0.706363 0.196278 0.249425
0 0.180964 0.228734 0.146466 0.186206
4 0.182937 0.230112 0.075202 0.120000
4 0.529323 0.224594 0.118753 0.117237
4 0.844027 0.119075 0.095013 0.088275
4 0.228668 0.831078 0.098969 0.089656
4 0.305368 0.768434 0.044529 0.104594
4 0.715238 0.706366 0.141848 0.189656
3 0.883480 0.686825 0.085776 0.168962
0 0.525359 0.224594 0.197928 0.197237
