4 0.422471 0.781306 0.062682 0.144825
4 0.566004 0.696766 0.103291 0.142431
4 0.563520 0.858053 0.122628 0.100856
0 0.414224 0.653719 0.105561 0.075863
0 0.411753 0.788206 0.113803 0.186212
0 0.563516 0.695031 0.180072 0.159750
0 0.564345 0.867103 0.181731 0.177456
0 0.421668 0.338775 0.094063 0.133325
0 0.292996 0.362916 0.153399 0.179306
2 0.743825 0.229166 0.356744 0.026194
2 0.786978 0.199628 0.270439 0.020581
2 0.814596 0.176906 0.215202 0.022725
2 0.830341 0.151003 0.183265 0.021956
3 0.513444 0.145022 0.190906 0.033919
2 0.292874 0.204619 0.375274 0.073113
2 0.056552 0.285863 0.049874 0.456825
3 0.547825 0.071538 0.118753 0.035637
4 0.300417 0.357747 0.098969 0.111494
4 0.417525 0.337631 0.046188 0.050575
4 0.429897 0.652572 0.044529 0.039081
