4 0.887516 0.493303 0.092126 0.154069
0 0.769341 0.194409 0.204529 0.209194
0 0.205251 0.583581 0.215327 0.259187
4 0.729188 0.871659 0.079453 0.162894
4 0.213314 0.863634 0.097874 0.125981
4 0.770063 0.492903 0.096717 0.146844
4 0.620942 0.451169 0.042601 0.081038
4 0.211009 0.587191 0.146233 0.194194
4 0.822946 0.154756 0.047830 0.077013
4 0.748726 0.209928 0.074224 0.093106
0 0.737242 0.864038 0.125516 0.240738
0 0.209861 0.860425 0.180780 0.186975
0 0.897879 0.500531 0.124368 0.232687
0 0.760852 0.496919 0.142780 0.196600
0 0.614036 0.456406 0.104789 0.142813
