4 0.256327 0.875091 0.054377 0.134856
4 0.391072 0.879272 0.117552 0.145444
3 0.501632 0.107378 0.124161 0.133119
3 0.205543 0.124584 0.138511 0.169706
0 0.842879 0.675603 0.183121 0.183919
4 0.854058 0.670856 0.115919 0.118700
0 0.348278 0.463000 0.150368 0.204512
0 0.489444 0.469694 0.112771 0.168863
0 0.734520 0.477209 0.140735 0.174981
4 0.481430 0.470244 0.080762 0.090837
4 0.363502 0.468300 0.110323 0.133725
0 0.855269 0.479716 0.094359 0.161044
0 0.415861 0.676700 0.229498 0.187225
4 0.746516 0.486950 0.083166 0.099725
0 0.235556 0.872303 0.126377 0.220669
0 0.395870 0.881209 0.178323 0.210669
3 0.795300 0.098800 0.128933 0.114812
1 0.122789 0.846672 0.091157 0.128169
4 0.853274 0.479156 0.055175 0.079687
4 0.423058 0.678378 0.151139 0.122594
