4 0.901852 0.111072 0.125283 0.125181
4 0.449874 0.837066 0.043910 0.168956
4 0.532094 0.213834 0.055417 0.125519
4 0.621161 0.204181 0.047507 0.073100
4 0.660744 0.089009 0.087085 0.082756
4 0.891336 0.382750 0.056323 0.102437
4 0.898018 0.751591 0.088771 0.186919
0 0.672794 0.858334 0.193372 0.202131
3 0.447484 0.392728 0.117408 0.148994
0 0.449870 0.832409 0.162269 0.236806
4 0.686094 0.857834 0.113552 0.090169
0 0.892767 0.750259 0.183274 0.265406
0 0.876538 0.385081 0.106906 0.161638
0 0.895552 0.108300 0.189578 0.193550
0 0.663220 0.085434 0.117327 0.134881
0 0.630076 0.203009 0.076224 0.127981
0 0.526673 0.202300 0.122637 0.184775
