4 0.519269 0.286234 0.050592 0.082481
4 0.415224 0.297872 0.123130 0.097781
0 0.402816 0.301863 0.155587 0.172275
0 0.525946 0.289559 0.081130 0.163631
0 0.657673 0.293219 0.136493 0.210863
0 0.766964 0.269937 0.078269 0.149662
0 0.794646 0.504078 0.166081 0.184256
0 0.923502 0.490122 0.083991 0.142994
0 0.736422 0.884891 0.120269 0.172944
0 0.861924 0.872587 0.126915 0.198888
0 0.901269 0.291431 0.137390 0.173762
4 0.852870 0.870922 0.093543 0.129044
4 0.751215 0.881900 0.060135 0.072500
4 0.919206 0.486450 0.042951 0.095787
4 0.810390 0.501750 0.092583 0.142350
4 0.912049 0.290556 0.061085 0.104438
4 0.755036 0.269603 0.033408 0.075831
4 0.673897 0.292553 0.081139 0.135031
