0 0.485350 0.339503 0.121695 0.094231
2 0.943686 0.739697 0.041238 0.418394
2 0.584117 0.967859 0.179785 0.044831
2 0.412574 0.967859 0.146798 0.037931
0 0.258354 0.667859 0.197928 0.256319
0 0.839771 0.371881 0.133605 0.204600
3 0.404511 0.419878 0.037973 0.109756
3 0.207749 0.409625 0.151928 0.030487
3 0.235188 0.308184 0.189318 0.031594
0 0.904547 0.120809 0.103085 0.175506
0 0.775686 0.147997 0.145471 0.193169
0 0.248354 0.133647 0.179991 0.214281
4 0.255108 0.130509 0.096906 0.144994
4 0.785422 0.148394 0.116834 0.122125
4 0.899399 0.122853 0.081309 0.104569
4 0.850493 0.371309 0.082475 0.136781
4 0.264955 0.668434 0.115453 0.195406
