3 0.530121 0.911838 0.206843 0.025837
0 0.245987 0.110963 0.189677 0.172412
0 0.735031 0.108666 0.105561 0.142531
0 0.438063 0.487938 0.115444 0.142500
0 0.699574 0.464412 0.087417 0.100000
0 0.190735 0.744294 0.250709 0.200000
3 0.751794 0.778656 0.096233 0.024063
3 0.730399 0.822291 0.161444 0.019606
3 0.861135 0.822512 0.075758 0.021388
3 0.515256 0.818059 0.124987 0.025844
3 0.509969 0.868622 0.124996 0.025844
4 0.250112 0.114984 0.131955 0.086206
4 0.738332 0.106362 0.039587 0.101150
4 0.446390 0.478778 0.039578 0.087356
4 0.196525 0.731659 0.189641 0.144819
