4 0.515664 0.810963 0.049480 0.132188
4 0.572570 0.731078 0.044529 0.052869
4 0.766372 0.171884 0.112152 0.116094
4 0.194857 0.520159 0.133605 0.143681
0 0.211381 0.185625 0.150152 0.235625
0 0.762247 0.169584 0.202879 0.191956
0 0.533807 0.793722 0.178143 0.231031
4 0.629471 0.390272 0.046188 0.116094
1 0.894202 0.598319 0.153390 0.242525
1 0.401857 0.101194 0.042888 0.071262
1 0.313614 0.154641 0.041238 0.072419
1 0.286399 0.474756 0.042879 0.078162
0 0.629471 0.391997 0.141848 0.151719
0 0.204753 0.518434 0.216072 0.236781
4 0.218771 0.189697 0.069274 0.160919
