4 0.124386 0.863578 0.103910 0.118394
4 0.442722 0.849209 0.120404 0.140231
4 0.456740 0.691738 0.122054 0.080463
4 0.596112 0.878519 0.084117 0.074713
1 0.864969 0.171625 0.067623 0.051725
4 0.845175 0.837716 0.080825 0.101144
4 0.856717 0.724497 0.047839 0.051719
1 0.155722 0.086566 0.103910 0.072419
1 0.831152 0.060703 0.125354 0.094256
0 0.861659 0.711278 0.107175 0.087356
0 0.844350 0.840016 0.151749 0.165519
0 0.688480 0.458978 0.275453 0.237931
4 0.658794 0.477944 0.123704 0.149425
0 0.600238 0.878522 0.131955 0.157469
4 0.765179 0.425072 0.046179 0.131031
0 0.433650 0.853234 0.184735 0.191956
0 0.439422 0.690013 0.186377 0.127587
0 0.117789 0.861278 0.163291 0.185056
