0 0.799816 0.410244 0.122054 0.159775
0 0.610960 0.714269 0.173184 0.200000
4 0.611780 0.713691 0.085767 0.134481
4 0.896305 0.375762 0.037937 0.042525
4 0.817135 0.411394 0.044529 0.093100
4 0.314888 0.378634 0.036287 0.045981
4 0.234072 0.426909 0.102260 0.087356
1 0.853435 0.667153 0.044556 0.066694
3 0.819610 0.891853 0.128655 0.026431
1 0.909489 0.643569 0.028018 0.047113
1 0.225000 0.088981 0.100619 0.101150
0 0.774247 0.111394 0.094018 0.166663
0 0.252215 0.410819 0.214422 0.174713
0 0.902901 0.378631 0.061031 0.082762
