1 0.860013 0.086106 0.123704 0.081612
1 0.403960 0.064038 0.100619 0.065513
1 0.340457 0.489325 0.141848 0.100000
0 0.126036 0.128059 0.166583 0.232181
0 0.291803 0.096453 0.108861 0.164369
4 0.518587 0.462544 0.054430 0.094250
4 0.305821 0.643578 0.084126 0.104594
4 0.634067 0.653553 0.095076 0.103769
0 0.627767 0.654747 0.174099 0.176406
3 0.574507 0.865078 0.147758 0.148469
3 0.472565 0.724594 0.193578 0.023950
3 0.445072 0.695456 0.106520 0.023150
3 0.454807 0.653950 0.080179 0.023150
3 0.170744 0.855900 0.160359 0.133300
0 0.300857 0.643578 0.130323 0.164369
3 0.143354 0.655072 0.171534 0.134481
0 0.510345 0.463694 0.130305 0.151725
1 0.747031 0.249900 0.075874 0.068962
4 0.296749 0.100475 0.052780 0.098850
4 0.130982 0.130934 0.090717 0.159769
