3 0.903924 0.677372 0.093031 0.131031
4 0.547655 0.707025 0.093031 0.104825
4 0.177529 0.477369 0.065318 0.139312
3 0.801991 0.885647 0.110834 0.161381
0 0.546668 0.709784 0.158341 0.187581
0 0.709955 0.393922 0.136574 0.091031
3 0.580314 0.460131 0.079175 0.176550
3 0.384363 0.432541 0.118753 0.030344
0 0.180480 0.473231 0.162269 0.208275
3 0.702040 0.289784 0.239489 0.026206
3 0.692143 0.248406 0.124700 0.028963
0 0.893040 0.108403 0.102924 0.102069
3 0.542704 0.152541 0.134592 0.190344
1 0.337848 0.144956 0.108861 0.175175
1 0.232951 0.247716 0.069274 0.071719
1 0.197314 0.167700 0.112834 0.079975
3 0.388323 0.471853 0.213758 0.031719
4 0.338843 0.142888 0.051462 0.107587
4 0.893036 0.111163 0.039578 0.057925
1 0.648749 0.620641 0.080439 0.045131
