1 0.813556 0.126412 0.034359 0.040713
0 0.141179 0.272437 0.110251 0.160563
2 0.053825 0.287025 0.055417 0.321375
2 0.055803 0.565647 0.059372 0.125519
2 0.056789 0.711162 0.057399 0.096550
2 0.055556 0.815400 0.053695 0.110400
2 0.050709 0.905466 0.050404 0.064656
0 0.792937 0.551859 0.107668 0.064656
1 0.311861 0.323969 0.098502 0.043100
3 0.331332 0.274081 0.194717 0.032725
0 0.291816 0.137987 0.113390 0.172412
0 0.404641 0.128409 0.100798 0.170819
1 0.864525 0.112841 0.028637 0.047094
4 0.200184 0.593369 0.058413 0.110950
4 0.279789 0.440109 0.059561 0.118931
4 0.141193 0.280069 0.054978 0.103762
4 0.295825 0.138788 0.050395 0.111750
4 0.405215 0.128409 0.051543 0.126119
