4 0.248430 0.199094 0.108879 0.157475
0 0.233574 0.196219 0.155040 0.225288
0 0.364691 0.154847 0.094045 0.197694
0 0.759731 0.673234 0.112161 0.188506
0 0.890036 0.657716 0.131946 0.157469
0 0.480987 0.845072 0.184735 0.210344
0 0.636027 0.837600 0.115462 0.195400
3 0.259139 0.849669 0.100610 0.145975
3 0.646749 0.652544 0.051130 0.098850
1 0.565103 0.647372 0.079175 0.132181
0 0.906529 0.442772 0.095659 0.185056
0 0.768807 0.465187 0.169883 0.204600
4 0.494179 0.846219 0.148448 0.127587
4 0.641803 0.839325 0.084126 0.129887
4 0.891686 0.664038 0.085776 0.094250
4 0.771278 0.668634 0.062682 0.147131
4 0.899108 0.441625 0.044529 0.120688
0 0.206359 0.468634 0.107211 0.172419
0 0.335009 0.450244 0.123704 0.200000
4 0.788601 0.469784 0.110511 0.158619
4 0.222031 0.469784 0.059381 0.105744
4 0.351507 0.156566 0.041238 0.143681
4 0.320166 0.452544 0.087417 0.151725
