3 0.767229 0.156456 0.102924 0.118625
4 0.183668 0.446769 0.094834 0.149425
0 0.164798 0.856219 0.181435 0.224137
0 0.282009 0.659656 0.069435 0.071375
4 0.161493 0.855647 0.092368 0.137931
4 0.274852 0.659813 0.036287 0.066662
4 0.302534 0.648700 0.015345 0.040900
4 0.863359 0.678091 0.112709 0.094831
3 0.456251 0.695078 0.122188 0.124031
0 0.861987 0.685753 0.186933 0.150381
3 0.850300 0.412762 0.061857 0.146550
1 0.935538 0.403197 0.059058 0.083356
0 0.178857 0.444375 0.167686 0.213600
3 0.387094 0.349066 0.210296 0.026819
3 0.630381 0.440541 0.125085 0.192531
3 0.749960 0.429525 0.086592 0.170500
3 0.880049 0.113700 0.102915 0.099312
3 0.202910 0.327994 0.116834 0.022987
