3 0.428242 0.146138 0.070924 0.149425
4 0.585762 0.118550 0.122054 0.124137
4 0.679780 0.392688 0.092368 0.155175
4 0.778740 0.377744 0.049480 0.077013
4 0.137919 0.844278 0.119121 0.181994
4 0.262767 0.813544 0.084762 0.146075
0 0.577520 0.117975 0.194628 0.194250
0 0.296296 0.369125 0.077525 0.126438
0 0.672919 0.381753 0.162161 0.204631
0 0.793583 0.372916 0.072906 0.147819
3 0.234704 0.581266 0.124852 0.158844
3 0.507888 0.624369 0.169516 0.032725
3 0.764462 0.594834 0.174108 0.185981
0 0.124744 0.841881 0.168377 0.245850
0 0.276457 0.815541 0.126117 0.213919
3 0.787942 0.837494 0.250843 0.229087
