2 0.934071 0.625249 0.0642011 0.255274
0 0.795238 0.49921 0.19259 0.204456
2 0.930754 0.849492 0.0721552 0.195214
2 0.933344 0.288227 0.0664706 0.276227
0 0.135904 0.846484 0.174617 0.201214
0 0.167762 0.197946 0.248596 0.224897
2 0.80434 0.0464933 0.1946 0.0571953
0 0.810499 0.72235 0.1658 0.200582
1 0.260757 0.598497 0.102401 0.0989074
0 0.141524 0.571509 0.18762 0.228056
1 0.656121 0.578878 0.185135 0.0889836
2 0.212206 0.0540631 0.165351 0.0355338
0 0.470636 0.836622 0.0868848 0.109053
0 0.174755 0.191791 0.261186 0.235452
