2 0.070467 0.625999 0.0662349 0.255371
1 0.770044 0.845003 0.122189 0.170937
2 0.0733136 0.285356 0.0676869 0.278848
2 0.0701035 0.849957 0.069765 0.190612
0 0.189448 0.210047 0.155272 0.289132
0 0.726064 0.276862 0.13201 0.118908
0 0.605536 0.156177 0.116014 0.167163
0 0.467073 0.473516 0.138923 0.211044
0 0.470622 0.173135 0.108987 0.103808
1 0.88233 0.720085 0.0886311 0.201551
0 0.891944 0.184056 0.135712 0.225572
0 0.757994 0.49469 0.150123 0.169174
2 0.192013 0.0411988 0.180124 0.0600148
0 0.758196 0.493617 0.150022 0.168826
1 0.881584 0.719159 0.0861255 0.199189
