0 0.466408 0.712278 0.185348 0.179375
0 0.784210 0.510915 0.170104 0.197515
0 0.151033 0.496073 0.175519 0.209295
0 0.156939 0.846050 0.205618 0.172331
0 0.268209 0.433307 0.135940 0.171815
0 0.230303 0.706167 0.183953 0.164810
0 0.658754 0.739604 0.130124 0.126629
0 0.835613 0.764972 0.138038 0.130391
0 0.776244 0.116460 0.147615 0.151348
0 0.859087 0.429519 0.093727 0.094102
0 0.692682 0.668285 0.090778 0.082406
0 0.388827 0.114047 0.163459 0.156956
1 0.267860 0.114979 0.086664 0.075473
0 0.130249 0.267534 0.128909 0.125599
0 0.857199 0.671203 0.093608 0.087481
0 0.734545 0.387399 0.070627 0.060263
1 0.495261 0.847998 0.083345 0.109358
0 0.861770 0.087945 0.115738 0.132046
0 0.137367 0.145091 0.143460 0.132888
