0 0.166481 0.902341 0.144371 0.192995
0 0.316351 0.089113 0.131779 0.138123
0 0.643391 0.556896 0.131401 0.138071
0 0.266512 0.172693 0.117443 0.129800
0 0.886698 0.230059 0.125469 0.123936
0 0.144457 0.553895 0.121807 0.148952
0 0.659350 0.091136 0.122710 0.126582
0 0.650986 0.238292 0.104117 0.100346
0 0.130747 0.124190 0.117013 0.099117
0 0.450877 0.715597 0.125111 0.167671
1 0.356473 0.359263 0.039397 0.044426
1 0.790099 0.394981 0.055178 0.090749
0 0.242355 0.389809 0.061868 0.051903
1 0.271548 0.277539 0.054909 0.045876
1 0.461181 0.382226 0.117200 0.096480
0 0.363569 0.414115 0.058067 0.046672
