0 0.901906 0.829467 0.158970 0.173147
0 0.172535 0.302731 0.172256 0.177354
0 0.662759 0.269253 0.185754 0.211285
0 0.500595 0.863953 0.224401 0.265919
0 0.369834 0.100915 0.150782 0.165807
0 0.877245 0.111275 0.151048 0.174758
0 0.714260 0.127765 0.122767 0.144015
0 0.912968 0.501585 0.083752 0.077446
0 0.856780 0.546148 0.112224 0.118461
0 0.536914 0.354276 0.125067 0.113373
0 0.928601 0.667556 0.118781 0.121355
1 0.180176 0.581925 0.220522 0.245153
0 0.660022 0.988365 0.108157 0.023270
1 0.125128 0.417479 0.084244 0.062850
