0 0.851960 0.645817 0.151504 0.151084
0 0.659045 0.130693 0.198460 0.261386
0 0.511661 0.687545 0.142127 0.144065
0 0.350235 0.469583 0.124390 0.174044
0 0.445021 0.085622 0.147228 0.144584
0 0.405703 0.207631 0.172750 0.151357
0 0.578042 0.630887 0.096439 0.113018
0 0.489460 0.879671 0.132298 0.144952
0 0.130664 0.184978 0.105678 0.118855
0 0.460074 0.355999 0.105577 0.146830
0 0.873658 0.832761 0.115735 0.136772
0 0.137682 0.661410 0.131536 0.128363
0 0.801684 0.885704 0.146580 0.119556
0 0.366748 0.838138 0.105177 0.095857
0 0.120109 0.386768 0.080358 0.086650
0 0.321353 0.900201 0.191523 0.104476
