0 0.239519 0.275761 0.170817 0.168008
0 0.586153 0.905014 0.133662 0.166749
0 0.818829 0.440909 0.165893 0.158069
0 0.562791 0.745987 0.169034 0.158234
0 0.733908 0.510816 0.124278 0.126357
0 0.862274 0.721185 0.145384 0.177890
0 0.895802 0.614165 0.092911 0.086713
0 0.378830 0.446324 0.109510 0.122151
0 0.603229 0.628493 0.118527 0.118440
1 0.770021 0.647219 0.105836 0.086783
0 0.416460 0.879017 0.107675 0.105717
1 0.271502 0.126431 0.124328 0.118530
0 0.235967 0.885948 0.110099 0.118517
0 0.118536 0.958569 0.086883 0.082729
0 0.331468 0.888383 0.077894 0.092588
1 0.828784 0.126429 0.120119 0.115864
