0 0.395264 0.650086 0.184639 0.148150
0 0.832163 0.559774 0.159876 0.217815
0 0.426873 0.932326 0.110729 0.116700
0 0.200555 0.125287 0.134208 0.145072
0 0.437826 0.841665 0.088435 0.085052
0 0.563028 0.914424 0.114106 0.105449
0 0.068260 0.681025 0.105715 0.108474
0 0.791543 0.141567 0.132740 0.137332
0 0.320586 0.746429 0.155820 0.125602
0 0.384615 0.515677 0.157155 0.131280
0 0.148544 0.877791 0.138100 0.135799
0 0.592238 0.844088 0.105056 0.097061
0 0.837480 0.060262 0.108215 0.100784
0 0.235306 0.527740 0.143983 0.134426
0 0.071303 0.610097 0.075197 0.055406
1 0.308690 0.557589 0.030627 0.047407
