0 0.119419 0.283900 0.179127 0.147198
0 0.189016 0.464195 0.140361 0.114111
0 0.599675 0.498480 0.178721 0.174064
0 0.493357 0.120229 0.111875 0.119119
0 0.131990 0.136780 0.112418 0.120412
0 0.373443 0.190527 0.090373 0.089868
0 0.852897 0.174390 0.111578 0.118686
0 0.374414 0.114807 0.085915 0.081008
1 0.516145 0.862646 0.061411 0.082081
0 0.860135 0.083080 0.105378 0.084410
1 0.505277 0.508823 0.049992 0.104179
2 0.221622 0.056865 0.281658 0.040878
1 0.446022 0.180870 0.046114 0.071183
1 0.605860 0.695291 0.143293 0.084973
