0 0.166306 0.475829 0.183553 0.235831
0 0.476485 0.405602 0.146039 0.182413
0 0.193860 0.877506 0.207911 0.203263
0 0.866338 0.135020 0.124977 0.161944
0 0.874450 0.391652 0.132449 0.164382
0 0.667038 0.909278 0.143173 0.167719
0 0.603941 0.411326 0.113285 0.138564
0 0.806773 0.882759 0.184195 0.209540
0 0.667103 0.372680 0.095967 0.126109
0 0.798524 0.211429 0.103979 0.109730
0 0.190860 0.172160 0.126776 0.143716
0 0.673851 0.123526 0.128202 0.110641
0 0.656400 0.199774 0.093698 0.085984
0 0.536563 0.679540 0.069060 0.055715
