0 0.413252 0.213368 0.157748 0.164375
0 0.196319 0.670810 0.175713 0.176313
0 0.189058 0.453587 0.191810 0.164215
0 0.770976 0.674830 0.188100 0.183649
0 0.453746 0.828182 0.186076 0.177213
0 0.761978 0.503863 0.102017 0.111371
0 0.459697 0.672729 0.154236 0.149722
0 0.831588 0.447590 0.127675 0.138699
0 0.505270 0.113728 0.125511 0.127983
1 0.301812 0.512179 0.068723 0.110497
0 0.830515 0.199850 0.124342 0.120335
0 0.854531 0.100352 0.114434 0.120067
1 0.308756 0.512014 0.098835 0.116740
1 0.637446 0.656998 0.075818 0.081685
2 0.232507 0.055020 0.297668 0.043531
