0 0.634664 0.107693 0.149885 0.168596
0 0.797263 0.729568 0.127321 0.129150
0 0.240088 0.077739 0.175720 0.155478
0 0.341479 0.493152 0.116017 0.110468
0 0.785122 0.567724 0.142741 0.129380
0 0.335381 0.689138 0.088548 0.088298
0 0.480483 0.725928 0.122145 0.131771
0 0.102748 0.782980 0.110638 0.116636
0 0.446059 0.050686 0.107370 0.101372
0 0.258062 0.709005 0.106895 0.120979
0 0.848628 0.517151 0.095431 0.104316
0 0.896611 0.705248 0.092245 0.120793
0 0.141283 0.147020 0.132576 0.161218
0 0.592770 0.716414 0.067676 0.095912
0 0.434723 0.142170 0.127805 0.106033
0 0.175340 0.550700 0.119156 0.105177
