0 0.555741 0.612789 0.147114 0.152524
0 0.173281 0.432055 0.146724 0.138097
0 0.817594 0.412101 0.126375 0.130620
0 0.371096 0.857467 0.139395 0.156288
0 0.206619 0.813959 0.095076 0.134300
0 0.140837 0.870466 0.115141 0.140108
1 0.660703 0.609016 0.065559 0.063578
0 0.676011 0.747729 0.092861 0.067673
0 0.504445 0.091583 0.360819 0.181439
1 0.660084 0.876674 0.063108 0.096585
0 0.873831 0.836885 0.056370 0.055507
1 0.796063 0.896188 0.052964 0.056304
1 0.205925 0.169893 0.129960 0.073522
1 0.658992 0.860983 0.060487 0.064809
