0 0.353297 0.808006 0.253275 0.084638
1 0.676949 0.685418 0.209333 0.092624
0 0.382074 0.888253 0.281248 0.081594
0 0.810835 0.162686 0.162179 0.175663
0 0.111847 0.918403 0.220402 0.096015
0 0.504156 0.167117 0.219037 0.162264
1 0.542741 0.312831 0.109893 0.062985
1 0.143131 0.686207 0.101680 0.133053
0 0.403321 0.695537 0.148256 0.151394
0 0.241139 0.690729 0.116424 0.142556
1 0.117834 0.508260 0.108910 0.097695
0 0.124116 0.157617 0.116008 0.148420
0 0.124117 0.158011 0.114476 0.147000
2 0.928829 0.670150 0.060801 0.187789
1 0.802920 0.454192 0.114775 0.335151
2 0.805418 0.047561 0.188920 0.060034
1 0.832662 0.759720 0.091564 0.230661
1 0.131232 0.357497 0.127811 0.123655
