0 0.457848 0.154062 0.124664 0.166875
0 0.266816 0.101250 0.131839 0.092500
0 0.223318 0.580625 0.116592 0.121250
0 0.657399 0.180938 0.139910 0.219375
0 0.861883 0.792813 0.179372 0.221875
0 0.152466 0.370937 0.080717 0.099375
0 0.189686 0.505000 0.124664 0.058750
0 0.867265 0.562813 0.127354 0.136875
0 0.893274 0.266875 0.098655 0.106250
0 0.071749 0.198750 0.068161 0.111250
0 0.072646 0.671250 0.068161 0.188750
0 0.791031 0.166875 0.093274 0.188750
0 0.194619 0.848437 0.138117 0.166875
0 0.399552 0.727500 0.083408 0.082500
0 0.790135 0.166875 0.093274 0.187500
0 0.893274 0.266875 0.096861 0.106250
0 0.188341 0.503750 0.125561 0.057500