0 0.459191 0.715591 0.138815 0.144953
0 0.131301 0.493373 0.135479 0.185138
0 0.493035 0.470390 0.156124 0.175773
0 0.470683 0.918249 0.136505 0.149335
0 0.323487 0.398231 0.158240 0.150716
0 0.663385 0.926914 0.124937 0.126432
0 0.158982 0.889845 0.096038 0.095691
0 0.843515 0.381477 0.105273 0.099363
0 0.845751 0.745473 0.158507 0.174322
1 0.705422 0.704865 0.045303 0.075669
0 0.155532 0.738170 0.132035 0.199833
1 0.196224 0.423354 0.049192 0.054956
0 0.856978 0.505489 0.141989 0.171617
2 0.115135 0.032281 0.205346 0.062234
1 0.527302 0.190058 0.197588 0.145753
