0 0.597724 0.498220 0.187142 0.182347
0 0.130324 0.137417 0.122958 0.124859
0 0.375601 0.187807 0.094102 0.092966
0 0.187190 0.465063 0.151028 0.116891
0 0.859230 0.080179 0.112356 0.087605
0 0.375948 0.111992 0.085545 0.079054
0 0.490726 0.121617 0.114202 0.122399
0 0.109825 0.286166 0.165567 0.161809
0 0.849535 0.172539 0.118475 0.121289
0 0.488837 0.122045 0.121357 0.122907
0 0.113524 0.285739 0.165143 0.155404
0 0.849667 0.171385 0.119619 0.117606
0 0.112819 0.289770 0.170030 0.169479
0 0.852749 0.173089 0.116065 0.122824
