0 0.876420 0.094348 0.172528 0.174627
0 0.884326 0.771832 0.087351 0.105900
0 0.164007 0.801414 0.204530 0.179285
0 0.128384 0.565285 0.163820 0.171187
0 0.861741 0.411347 0.227886 0.196322
0 0.836185 0.839015 0.113235 0.124290
0 0.128379 0.562150 0.165884 0.162462
0 0.408876 0.429612 0.182079 0.177798
0 0.547653 0.790732 0.146568 0.145121
0 0.164154 0.801351 0.207171 0.180756
0 0.885618 0.773195 0.086154 0.107105
0 0.547536 0.790929 0.146321 0.143539
0 0.407055 0.431037 0.173797 0.180370
0 0.837258 0.838999 0.112215 0.124043
