0 0.808367 0.203236 0.142837 0.180715
0 0.472796 0.611417 0.137319 0.162204
0 0.879704 0.115120 0.109961 0.160789
0 0.491226 0.401850 0.097212 0.117576
0 0.807876 0.203896 0.147956 0.191488
0 0.823562 0.454095 0.150333 0.219652
0 0.149641 0.164750 0.136254 0.172154
0 0.147527 0.610093 0.123260 0.154866
0 0.138423 0.422614 0.103188 0.138195
0 0.877307 0.114465 0.121315 0.165924
0 0.487958 0.399349 0.092050 0.114731
0 0.501501 0.113537 0.095025 0.085610
0 0.147664 0.608932 0.124668 0.155481
0 0.880196 0.112677 0.109688 0.169089
0 0.274594 0.882083 0.070540 0.064710
