0 0.211690 0.128351 0.179886 0.169065
0 0.757212 0.489527 0.227803 0.183530
0 0.593118 0.844149 0.200861 0.167620
0 0.826846 0.132042 0.149769 0.152889
0 0.472913 0.700114 0.141004 0.173814
0 0.576171 0.122255 0.162625 0.179396
0 0.576748 0.122826 0.165274 0.180982
0 0.870120 0.679568 0.115647 0.112766
0 0.282041 0.847635 0.139115 0.140997
0 0.355832 0.660568 0.093537 0.077160
0 0.354813 0.746964 0.111425 0.123074
0 0.352542 0.746953 0.115090 0.121444
0 0.283917 0.847619 0.138522 0.137874
0 0.281437 0.849145 0.145009 0.143016
