0 0.197903 0.128817 0.141764 0.150135
0 0.390380 0.646359 0.187871 0.137751
0 0.439248 0.839695 0.086455 0.083496
0 0.230557 0.530910 0.152635 0.141942
0 0.838728 0.061036 0.115420 0.105884
0 0.316560 0.751266 0.168354 0.139027
0 0.592052 0.845210 0.107469 0.095190
0 0.068176 0.680373 0.113524 0.110030
0 0.560217 0.912841 0.114850 0.102722
0 0.834248 0.556095 0.158128 0.227451
0 0.787080 0.142959 0.146611 0.146455
0 0.424756 0.929205 0.104908 0.119903
0 0.138249 0.875372 0.159041 0.134060
0 0.425668 0.928784 0.111620 0.122107
0 0.382098 0.517239 0.163561 0.137600
0 0.381444 0.515286 0.165829 0.135295
0 0.560181 0.913523 0.105931 0.102455
0 0.066473 0.679564 0.106622 0.105675
