0 0.342174 0.231767 0.156371 0.162235
0 0.385233 0.107647 0.116420 0.124628
0 0.167887 0.652799 0.155647 0.205633
0 0.467668 0.421588 0.137934 0.178111
0 0.874784 0.140229 0.164534 0.170675
0 0.912155 0.433295 0.172059 0.197565
0 0.496078 0.226404 0.132642 0.139997
0 0.607540 0.832805 0.200262 0.263405
0 0.843071 0.273195 0.108828 0.109824
0 0.911184 0.432882 0.176699 0.208384
0 0.498349 0.122710 0.089777 0.093595
0 0.843696 0.273754 0.103996 0.106410
0 0.875291 0.137607 0.162645 0.160957
0 0.496432 0.228183 0.134926 0.142164
0 0.165559 0.654527 0.162803 0.214875
0 0.467833 0.422610 0.140967 0.177491
