0 0.450887 0.823228 0.192531 0.183429
0 0.409486 0.214212 0.156594 0.174145
0 0.192722 0.670085 0.177911 0.183633
0 0.180560 0.456207 0.184092 0.163457
0 0.770235 0.673124 0.198142 0.188214
0 0.767326 0.504631 0.106568 0.105417
0 0.460228 0.674664 0.167287 0.153287
0 0.192212 0.669011 0.179126 0.185007
0 0.828138 0.198017 0.134671 0.124185
0 0.828678 0.447425 0.127108 0.140084
0 0.501812 0.115777 0.131875 0.130518
0 0.852070 0.098875 0.122648 0.119833
0 0.503969 0.116426 0.132764 0.129858
0 0.295761 0.504860 0.095897 0.102671
0 0.187549 0.458317 0.202269 0.174824
0 0.408693 0.212240 0.153029 0.163135
