0 0.835077 0.473604 0.171516 0.176163
0 0.224629 0.851214 0.190142 0.188818
0 0.769894 0.195403 0.192103 0.186645
0 0.823400 0.079835 0.141145 0.130738
0 0.515909 0.472774 0.132827 0.120831
0 0.881445 0.376419 0.128532 0.132333
0 0.186202 0.132816 0.156916 0.159670
0 0.851968 0.886470 0.140238 0.128655
0 0.274136 0.706615 0.195846 0.189764
0 0.853771 0.886881 0.142425 0.126624
0 0.183727 0.133401 0.154458 0.157511
0 0.873146 0.731684 0.208606 0.220873
0 0.882936 0.375115 0.129520 0.131293
0 0.530598 0.379208 0.096955 0.087270
0 0.530204 0.381256 0.104587 0.090512
0 0.868329 0.735168 0.210448 0.217920
0 0.882730 0.374732 0.122757 0.129781
0 0.362237 0.544347 0.065424 0.055845
