0 0.648406 0.744267 0.148422 0.188545
0 0.403387 0.831883 0.146825 0.141362
0 0.799105 0.532427 0.137176 0.139463
0 0.165308 0.540379 0.133299 0.132624
0 0.479256 0.756135 0.146603 0.171073
0 0.343919 0.198296 0.131937 0.134960
0 0.469532 0.133205 0.184386 0.204235
0 0.860863 0.727442 0.147807 0.171828
0 0.159311 0.233754 0.140818 0.143465
0 0.159188 0.231660 0.143442 0.143293
0 0.220948 0.142520 0.144635 0.144558
0 0.164562 0.540376 0.136328 0.133608
0 0.479430 0.756679 0.151252 0.181804
0 0.861281 0.727744 0.149485 0.178312
0 0.798570 0.531558 0.140383 0.140801
0 0.632498 0.238180 0.110197 0.091502
0 0.345961 0.196865 0.124032 0.133238
0 0.403631 0.830075 0.151423 0.142842
