0 0.188233 0.173358 0.135094 0.153164
0 0.872207 0.386873 0.138273 0.155252
0 0.800759 0.211983 0.105291 0.107081
0 0.863999 0.134630 0.128877 0.160244
0 0.473463 0.406076 0.148907 0.195888
0 0.194221 0.876079 0.222399 0.206928
0 0.164800 0.476416 0.201618 0.249124
0 0.473477 0.403320 0.145985 0.188703
0 0.872640 0.387315 0.142226 0.163435
0 0.665003 0.910111 0.147763 0.170798
0 0.668672 0.374102 0.101111 0.128255
0 0.672336 0.125583 0.130554 0.113534
0 0.666170 0.909628 0.154527 0.180744
0 0.801662 0.885052 0.203334 0.223620
0 0.603466 0.409612 0.120269 0.138560
0 0.656955 0.199562 0.100994 0.085669
0 0.670413 0.125868 0.131709 0.115010
0 0.602334 0.412501 0.120862 0.137324
0 0.864091 0.134473 0.133072 0.167666
