0 0.282115 0.448759 0.186493 0.194498
0 0.865975 0.809884 0.134021 0.146179
0 0.585963 0.846542 0.175404 0.196594
0 0.872609 0.700669 0.115645 0.104336
0 0.310050 0.793753 0.081797 0.089802
0 0.870910 0.703087 0.125210 0.111153
0 0.465763 0.532144 0.148953 0.202038
0 0.810427 0.511599 0.119314 0.172198
0 0.181012 0.721769 0.156831 0.135705
0 0.862490 0.431695 0.086846 0.121827
0 0.134756 0.445778 0.069141 0.055242
0 0.865257 0.807935 0.133963 0.146930
0 0.814763 0.511133 0.133506 0.179903
0 0.180785 0.722675 0.163377 0.142079
0 0.583843 0.845627 0.176058 0.195188
0 0.181423 0.722794 0.158236 0.140720
