0 0.629688 0.105861 0.150965 0.166958
0 0.800578 0.730116 0.142443 0.137698
0 0.100742 0.782201 0.119922 0.121534
0 0.236126 0.079566 0.173965 0.159132
0 0.478517 0.725342 0.127751 0.130288
0 0.437211 0.137470 0.124325 0.106387
0 0.887661 0.704630 0.124035 0.130140
0 0.335011 0.686807 0.101123 0.091727
0 0.449369 0.052707 0.112218 0.105413
0 0.172186 0.553748 0.128160 0.134447
0 0.337290 0.495299 0.129198 0.117806
0 0.140233 0.141124 0.132322 0.162052
0 0.173589 0.547597 0.123700 0.120214
0 0.847817 0.518485 0.105207 0.114706
0 0.256566 0.710059 0.115904 0.126843
0 0.593344 0.715472 0.085705 0.104997
0 0.339005 0.494510 0.124580 0.116882
0 0.782787 0.567424 0.149988 0.131323
0 0.783114 0.569417 0.139972 0.132197
0 0.450543 0.053254 0.105777 0.105801
0 0.136699 0.139953 0.139872 0.162083
0 0.629410 0.105913 0.153318 0.176339
