0 0.871150 0.331231 0.137533 0.143268
0 0.839721 0.087273 0.106178 0.102724
0 0.131315 0.163071 0.120564 0.117152
0 0.911574 0.816361 0.149268 0.132542
0 0.106365 0.404615 0.098039 0.121473
0 0.901993 0.919451 0.153987 0.115602
0 0.664300 0.333174 0.107787 0.095681
0 0.152771 0.338339 0.090904 0.097469
0 0.598592 0.138930 0.104570 0.089883
0 0.334337 0.883974 0.219887 0.232053
0 0.658952 0.901872 0.116962 0.122438
0 0.627175 0.450021 0.130416 0.158331
0 0.177171 0.097926 0.096585 0.104893
0 0.328593 0.444871 0.129019 0.111531
0 0.330650 0.445578 0.122643 0.109941
0 0.568959 0.937466 0.146179 0.125067
0 0.106423 0.402501 0.107336 0.125103
0 0.654858 0.902576 0.129779 0.127122
0 0.469575 0.116110 0.095641 0.076686
0 0.518226 0.316327 0.064347 0.060735
0 0.175867 0.098160 0.103676 0.103552
0 0.336170 0.887264 0.236547 0.225472
0 0.627783 0.447415 0.122973 0.153976
