0 0.169688 0.220375 0.188746 0.185566
0 0.777318 0.097281 0.163117 0.158701
0 0.492368 0.104710 0.133777 0.144428
0 0.494463 0.681316 0.174856 0.194096
0 0.193786 0.462158 0.075632 0.085062
0 0.183520 0.675455 0.160180 0.137575
0 0.494149 0.680039 0.169583 0.183890
0 0.216202 0.100016 0.167469 0.154391
0 0.181109 0.675495 0.169774 0.141567
0 0.164431 0.817503 0.200407 0.181118
0 0.163518 0.816087 0.199981 0.177663
0 0.216767 0.098811 0.160457 0.150615
0 0.694940 0.905722 0.071452 0.074149
0 0.869059 0.689862 0.184933 0.208824
0 0.773867 0.419272 0.225721 0.199374
0 0.383871 0.175738 0.177443 0.163943
0 0.493181 0.102572 0.131190 0.144964
