01.jpg 0 332 1157 587 1507
01.jpg 0 240 27 444 398
01.jpg 0 53 844 175 994
01.jpg 1 583 1207 759 1456
01.jpg 1 585 928 699 1135
01.jpg 2 149 651 612 755
01.jpg 1 694 822 755 939
02.jpg 0 799 84 983 414
02.jpg 0 127 970 345 1242
02.jpg 0 818 986 1014 1247
02.jpg 0 147 89 332 406
02.jpg 0 423 979 626 1256
02.jpg 0 600 974 783 1287
02.jpg 1 36 1025 129 1272
02.jpg 1 129 857 450 938
02.jpg 0 431 1575 545 1600
02.jpg 2 358 673 496 724
03.jpg 0 254 1181 475 1561
03.jpg 0 688 761 819 1052
03.jpg 0 536 1229 684 1463
03.jpg 0 196 868 273 988
03.jpg 1 137 998 248 1124
03.jpg 1 394 786 661 1199
03.jpg 1 799 764 970 1041
03.jpg 1 251 826 337 928
03.jpg 1 852 770 961 916
03.jpg 1 853 782 932 951
03.jpg 2 136 70 689 155
04.jpg 0 531 994 644 1240
04.jpg 0 662 21 984 403
04.jpg 0 779 457 1037 902
04.jpg 0 132 71 294 352
04.jpg 0 335 994 455 1210
04.jpg 0 287 1059 407 1287
04.jpg 0 931 0 1094 304
04.jpg 0 95 997 365 1492
04.jpg 0 98 999 309 1396
05.jpg 0 542 865 783 1163
05.jpg 0 488 1288 718 1553
05.jpg 0 89 1238 313 1561
05.jpg 0 844 867 1048 1179
05.jpg 0 213 864 372 1053
05.jpg 0 376 870 488 1044
05.jpg 0 471 270 609 511
05.jpg 0 487 637 628 844
05.jpg 0 598 641 689 810
05.jpg 0 633 269 778 531
05.jpg 1 1047 1152 1122 1285
05.jpg 1 852 1177 910 1309
05.jpg 0 1024 1016 1122 1150
05.jpg 2 852 1175 911 1312
06.jpg 0 409 524 690 918
06.jpg 0 484 37 648 397
06.jpg 0 42 212 276 514
06.jpg 1 719 121 805 271
06.jpg 0 554 1051 714 1409
06.jpg 0 403 1049 557 1311
06.jpg 1 210 1085 427 1537
07.jpg 1 221 896 550 1189
07.jpg 0 621 939 842 1276
07.jpg 1 478 426 799 644
07.jpg 1 181 49 559 396
07.jpg 1 419 265 763 621
07.jpg 1 769 44 907 219
07.jpg 1 384 1139 649 1452
07.jpg 1 418 268 753 506
07.jpg 0 755 942 836 1043
08.jpg 0 377 1112 638 1531
08.jpg 0 216 302 486 617
08.jpg 0 587 631 785 831
08.jpg 0 614 57 735 289
08.jpg 0 297 657 432 928
08.jpg 0 131 711 382 1065
08.jpg 0 888 1133 1038 1512
08.jpg 0 662 419 780 616
08.jpg 1 123 0 250 248
08.jpg 1 687 0 1096 275
08.jpg 1 177 124 250 238
08.jpg 1 824 281 1099 589
09.jpg 0 699 23 916 310
09.jpg 0 735 631 1000 996
09.jpg 0 451 1135 750 1543
09.jpg 0 151 27 373 402
09.jpg 0 165 606 423 1015
09.jpg 0 121 1262 326 1572
09.jpg 0 707 1085 934 1487
09.jpg 0 23 1312 189 1562
09.jpg 1 510 56 634 253
09.jpg 1 326 982 437 1085
09.jpg 0 914 54 1034 269
09.jpg 1 641 207 702 312
09.jpg 1 523 908 800 1159
09.jpg 0 45 33 162 210
09.jpg 1 751 306 794 361
09.jpg 1 417 616 502 752
09.jpg 1 960 631 1023 744
09.jpg 0 396 1352 502 1541
09.jpg 1 290 1415 404 1561
10.jpg 0 86 707 248 1010
10.jpg 0 542 1228 751 1559
10.jpg 0 867 1050 1037 1383
10.jpg 0 175 616 375 974
10.jpg 0 418 252 620 567
10.jpg 1 96 1100 173 1272
10.jpg 0 661 35 847 346
10.jpg 1 787 0 1046 343
10.jpg 1 159 42 352 282
10.jpg 1 495 46 709 272
11.jpg 0 810 20 1013 369
11.jpg 1 662 1038 805 1294
11.jpg 1 421 611 600 904
11.jpg 1 573 1188 653 1300
11.jpg 1 67 329 263 537
11.jpg 1 483 1042 595 1140
11.jpg 1 697 3 891 212
11.jpg 1 311 200 535 374
12.jpg 0 548 41 709 290
12.jpg 0 99 1179 291 1559
12.jpg 1 763 1364 977 1600
12.jpg 0 143 29 269 292
12.jpg 1 329 92 439 202
12.jpg 0 304 846 543 1164
12.jpg 1 714 39 848 265
12.jpg 1 371 91 438 198
12.jpg 0 900 1158 1104 1405
12.jpg 1 242 431 481 629
12.jpg 1 318 97 392 209
12.jpg 1 821 942 1051 1215
12.jpg 1 768 791 1054 1213
12.jpg 1 479 16 569 136
12.jpg 2 93 6 171 405
13.jpg 0 110 286 398 768
13.jpg 0 304 1204 536 1458
13.jpg 0 766 361 1060 771
13.jpg 0 358 784 573 1026
13.jpg 1 102 857 198 1127
13.jpg 0 737 1205 883 1436
13.jpg 0 567 788 672 1046
13.jpg 1 476 1014 561 1134
13.jpg 0 875 787 1039 1005
13.jpg 1 310 885 383 999
13.jpg 1 770 882 852 984
13.jpg 1 762 792 896 901
13.jpg 1 561 1217 700 1322
13.jpg 1 251 1379 334 1561
14.jpg 0 106 49 278 339
14.jpg 0 577 572 777 966
14.jpg 0 516 1076 637 1266
14.jpg 0 737 539 993 958
14.jpg 0 653 52 777 279
14.jpg 0 917 58 1040 282
14.jpg 0 749 1075 923 1378
14.jpg 0 883 1076 1001 1298
14.jpg 0 386 1074 548 1337
14.jpg 1 770 44 854 179
15.jpg 0 687 106 850 381
15.jpg 0 553 171 716 541
15.jpg 1 978 1163 1116 1277
15.jpg 1 898 55 1093 235
15.jpg 1 550 1417 864 1600
15.jpg 1 104 1321 185 1494
15.jpg 1 18 1553 76 1598
15.jpg 1 113 1320 183 1439
16.jpg 0 933 158 1110 404
16.jpg 0 972 51 1099 193
16.jpg 0 893 403 1106 769
16.jpg 0 705 168 854 375
16.jpg 0 706 25 834 194
16.jpg 1 128 1083 203 1285
16.jpg 1 168 1035 476 1496
17.jpg 0 93 657 282 1067
17.jpg 0 478 312 727 645
17.jpg 0 810 656 1034 1001
17.jpg 0 608 50 710 224
17.jpg 0 85 340 289 643
17.jpg 0 494 41 649 318
17.jpg 0 22 1100 239 1366
17.jpg 0 544 1164 666 1360
17.jpg 0 366 1104 511 1433
17.jpg 1 907 1134 982 1264
17.jpg 1 450 656 623 874
17.jpg 0 20 756 149 1016
17.jpg 1 232 1300 286 1460
17.jpg 1 233 1299 287 1414
17.jpg 0 327 38 483 303
17.jpg 0 175 1105 301 1269
17.jpg 1 745 473 866 598
17.jpg 1 633 228 736 319
17.jpg 1 451 662 620 775
18.jpg 0 81 842 306 1187
18.jpg 0 597 897 780 1134
18.jpg 0 61 61 204 298
18.jpg 0 273 789 551 1113
18.jpg 0 48 287 189 512
18.jpg 0 357 39 572 412
18.jpg 0 866 1092 966 1214
18.jpg 0 915 1044 1020 1175
18.jpg 1 778 939 917 1089
18.jpg 0 599 1190 691 1300
18.jpg 1 919 952 994 1058
18.jpg 1 847 949 914 1090
18.jpg 1 778 978 872 1092
18.jpg 1 778 998 842 1090
18.jpg 2 2 511 75 772
19.jpg 0 385 1160 524 1447
19.jpg 0 221 1141 431 1523
19.jpg 1 669 1255 797 1419
19.jpg 0 435 1468 507 1573
19.jpg 1 650 151 821 307
20.jpg 0 313 192 538 545
20.jpg 0 486 152 698 465
20.jpg 0 899 53 1082 361
20.jpg 0 689 34 899 343
20.jpg 0 310 637 475 919
20.jpg 0 173 712 335 953
20.jpg 0 124 1088 344 1503
20.jpg 0 491 969 731 1277
20.jpg 1 1018 1131 1124 1367
20.jpg 0 857 972 1059 1301
20.jpg 1 695 623 763 822
20.jpg 1 436 1255 704 1493
20.jpg 1 94 635 176 911
21.jpg 0 854 20 1097 446
21.jpg 0 401 1070 690 1458
21.jpg 0 480 38 618 252
21.jpg 0 101 527 381 911
21.jpg 0 433 525 671 857
21.jpg 0 274 1074 428 1358
21.jpg 0 91 43 274 410
21.jpg 0 305 226 432 401
21.jpg 1 274 58 349 194
21.jpg 1 481 1447 597 1541
21.jpg 0 670 1070 939 1392
21.jpg 0 788 764 1065 1063
21.jpg 0 663 799 809 1055
21.jpg 1 747 60 827 187
21.jpg 1 106 1330 254 1532
21.jpg 1 673 1076 939 1390
21.jpg 0 108 399 198 509
21.jpg 1 796 1484 880 1556
21.jpg 1 629 134 692 211
21.jpg 1 936 1126 1088 1317
21.jpg 0 668 1070 1106 1414
21.jpg 0 860 1068 1124 1396
21.jpg 1 667 59 744 186
21.jpg 0 916 1071 1117 1335
22.jpg 0 340 739 628 1157
22.jpg 0 728 270 964 648
22.jpg 0 43 457 250 719
22.jpg 0 231 368 500 725
22.jpg 0 841 73 981 352
22.jpg 0 32 1338 184 1546
22.jpg 0 119 1298 227 1456
22.jpg 0 681 732 987 1042
22.jpg 0 625 1032 803 1377
22.jpg 1 827 1023 989 1247
23.jpg 0 182 896 377 1261
23.jpg 0 814 940 1058 1380
23.jpg 0 92 71 241 343
23.jpg 1 554 412 754 567
23.jpg 0 215 48 324 201
23.jpg 1 160 437 373 616
23.jpg 1 210 1379 522 1586
23.jpg 1 563 87 690 238
23.jpg 1 566 90 652 232
24.jpg 0 804 396 989 690
24.jpg 0 105 79 318 405
24.jpg 0 103 398 305 750
24.jpg 1 313 59 424 190
24.jpg 0 870 789 1004 925
24.jpg 0 668 453 822 767
24.jpg 0 792 823 919 1063
24.jpg 0 118 1261 337 1554
24.jpg 1 876 914 959 1109
24.jpg 0 496 791 693 1153
24.jpg 1 484 1150 555 1337
24.jpg 1 962 204 1038 358
24.jpg 1 1029 1062 1107 1272
24.jpg 0 682 791 797 1072
24.jpg 1 494 63 539 125
24.jpg 1 410 990 501 1047
24.jpg 1 350 1198 408 1325
24.jpg 0 180 791 437 1063
25.jpg 0 563 1230 792 1549
25.jpg 0 87 423 251 802
25.jpg 0 747 20 1033 384
25.jpg 1 22 17 297 203
25.jpg 0 562 484 773 739
25.jpg 0 226 1265 431 1565
25.jpg 1 83 856 170 966
25.jpg 0 728 878 954 1172
25.jpg 0 394 32 522 276
25.jpg 1 176 834 253 953
25.jpg 0 278 8 435 246
25.jpg 1 413 444 469 568
25.jpg 1 468 445 561 573
25.jpg 1 458 836 525 957
25.jpg 0 355 1249 450 1493
25.jpg 1 546 824 612 964
25.jpg 1 326 1187 420 1277
25.jpg 1 501 1537 628 1600
26.jpg 0 226 358 451 667
26.jpg 0 395 347 582 643
26.jpg 0 344 1145 582 1531
26.jpg 0 419 35 584 329
26.jpg 0 549 693 743 1007
26.jpg 0 764 1109 1018 1502
26.jpg 0 247 41 447 329
26.jpg 0 239 1118 358 1347
26.jpg 0 328 713 583 1088
26.jpg 0 564 1117 718 1505
26.jpg 1 903 697 1002 813
26.jpg 0 213 1262 328 1490
26.jpg 0 686 352 808 563
26.jpg 0 867 61 1031 579
27.jpg 0 695 1131 891 1504
27.jpg 0 139 1282 366 1560
27.jpg 0 865 165 1025 435
27.jpg 1 299 416 652 743
27.jpg 0 909 38 1026 219
27.jpg 0 191 1125 349 1325
27.jpg 1 8 346 338 575
27.jpg 1 160 0 497 318
28.jpg 0 406 372 651 680
28.jpg 0 156 114 324 352
28.jpg 1 492 1221 597 1494
28.jpg 0 960 381 1096 636
28.jpg 1 906 827 1003 957
28.jpg 1 882 67 1067 321
28.jpg 1 411 924 486 1003
28.jpg 1 990 626 1076 750
28.jpg 1 490 820 603 1075
28.jpg 1 350 847 402 967
28.jpg 0 584 816 746 1067
28.jpg 1 274 387 380 524
28.jpg 1 277 20 338 193
28.jpg 0 93 371 412 548
28.jpg 1 306 1251 449 1347
28.jpg 1 529 1115 698 1211
28.jpg 1 795 1127 908 1384
28.jpg 1 616 831 726 1002
28.jpg 1 223 1273 275 1379
28.jpg 1 141 1263 201 1386
28.jpg 1 144 395 224 508
28.jpg 1 132 395 201 505
29.jpg 0 263 72 511 446
29.jpg 0 479 53 684 371
29.jpg 0 673 653 957 1062
29.jpg 0 584 1073 848 1532
29.jpg 0 258 647 385 912
29.jpg 0 720 274 895 587
29.jpg 0 852 270 964 479
29.jpg 0 868 604 1086 968
29.jpg 0 770 1072 966 1384
29.jpg 1 786 8 882 183
29.jpg 1 949 1094 1020 1157
29.jpg 1 439 1085 584 1319
29.jpg 1 366 1113 411 1258
29.jpg 0 100 1078 311 1355
29.jpg 1 106 1095 291 1347
29.jpg 1 101 623 221 1055
29.jpg 1 131 1145 287 1350
30.jpg 0 19 238 311 592
30.jpg 0 425 14 668 425
30.jpg 0 256 1280 498 1566
30.jpg 0 799 52 1034 389
30.jpg 0 44 1081 176 1341
30.jpg 0 121 1062 210 1180
30.jpg 0 303 1049 533 1303
30.jpg 0 583 664 793 1033
30.jpg 0 662 57 815 409
30.jpg 0 661 393 831 585
30.jpg 1 675 1096 740 1265
30.jpg 0 750 644 986 1033
30.jpg 1 437 627 500 733
30.jpg 0 845 1050 1034 1410
30.jpg 1 241 1069 316 1214
30.jpg 1 935 631 1013 805
31.jpg 0 166 54 363 468
31.jpg 1 485 617 784 911
31.jpg 0 91 399 204 591
31.jpg 1 874 73 1110 501
31.jpg 1 101 247 202 404
32.jpg 0 339 1019 591 1351
32.jpg 0 276 255 536 594
32.jpg 0 404 39 670 525
32.jpg 0 816 198 1101 591
32.jpg 0 105 661 307 1010
32.jpg 0 354 1332 532 1570
32.jpg 0 881 601 1042 916
32.jpg 0 719 1220 985 1566
32.jpg 0 856 1045 1095 1499
32.jpg 0 702 631 964 1012
32.jpg 0 236 607 347 833
33.jpg 0 281 255 551 706
33.jpg 0 384 1089 614 1430
33.jpg 0 373 813 677 1087
33.jpg 0 576 1072 703 1333
33.jpg 0 479 31 684 405
33.jpg 0 10 84 293 501
33.jpg 0 831 65 976 308
33.jpg 0 656 41 856 385
33.jpg 0 57 1075 291 1441
33.jpg 0 709 1241 929 1317
33.jpg 0 221 537 329 774
33.jpg 1 22 1422 141 1590
33.jpg 0 938 59 1032 269
33.jpg 2 695 830 1019 906
34.jpg 1 456 1179 609 1493
34.jpg 0 803 14 1032 468
34.jpg 1 895 1192 1006 1434
34.jpg 0 45 1381 143 1543
34.jpg 0 524 497 719 772
34.jpg 0 884 790 1026 1039
34.jpg 0 459 23 656 403
34.jpg 0 256 353 552 775
34.jpg 1 464 806 517 928
34.jpg 1 207 805 292 941
34.jpg 1 535 789 688 930
34.jpg 1 165 1016 445 1132
34.jpg 1 324 1164 375 1274
34.jpg 1 933 566 1021 771
34.jpg 1 942 570 1009 724
34.jpg 0 87 1335 201 1477
35.jpg 0 178 791 394 1136
35.jpg 1 454 412 511 554
35.jpg 1 98 998 188 1147
35.jpg 1 237 1509 297 1590
36.jpg 0 226 1254 411 1521
36.jpg 1 260 677 345 1021
36.jpg 0 108 247 296 486
36.jpg 0 558 40 671 323
36.jpg 0 120 18 298 259
36.jpg 0 599 1278 725 1523
36.jpg 1 440 29 583 165
36.jpg 1 509 1060 602 1216
36.jpg 0 912 1048 1078 1269
36.jpg 0 664 239 868 488
36.jpg 1 726 1265 826 1377
36.jpg 0 716 1048 881 1288
36.jpg 0 819 499 1042 930
36.jpg 1 499 534 633 719
36.jpg 0 885 502 1040 929
36.jpg 1 735 557 853 717
36.jpg 0 668 43 882 267
36.jpg 0 811 623 1029 934
36.jpg 1 218 1053 295 1182
36.jpg 0 669 59 870 485
37.jpg 0 723 1147 1028 1563
37.jpg 0 94 1135 311 1553
37.jpg 0 764 510 1077 943
37.jpg 0 599 610 724 884
37.jpg 0 302 59 404 235
37.jpg 0 533 686 640 866
37.jpg 1 527 1397 729 1557
37.jpg 1 611 1024 731 1342
37.jpg 1 208 474 317 620
37.jpg 0 94 436 226 667
37.jpg 0 782 247 972 520
37.jpg 0 902 167 1120 520
37.jpg 0 242 108 347 241
37.jpg 1 172 354 369 423
37.jpg 0 136 666 324 990
37.jpg 0 279 659 477 965
37.jpg 0 135 662 463 987
37.jpg 2 134 35 311 100
38.jpg 0 58 1029 246 1272
38.jpg 0 520 148 634 392
38.jpg 0 373 1056 511 1270
38.jpg 0 468 919 611 1171
38.jpg 1 875 482 937 566
38.jpg 1 773 519 837 610
38.jpg 0 550 913 653 1052
38.jpg 1 159 1300 210 1393
38.jpg 1 435 878 519 977
38.jpg 1 412 1293 549 1472
38.jpg 1 418 1294 524 1430
38.jpg 1 422 1295 492 1423
38.jpg 0 396 1291 547 1474
38.jpg 1 451 1294 546 1473
38.jpg 1 488 1295 544 1474
39.jpg 0 125 814 394 1186
39.jpg 0 553 1034 828 1429
39.jpg 0 849 1273 1004 1489
39.jpg 0 946 827 1075 1060
39.jpg 0 95 1049 241 1297
39.jpg 0 695 396 883 687
39.jpg 0 838 879 975 1111
39.jpg 0 701 825 814 1028
39.jpg 1 935 145 998 243
39.jpg 1 98 492 189 631
40.jpg 0 684 74 883 362
40.jpg 0 91 600 360 1055
40.jpg 0 130 187 382 579
40.jpg 0 379 1073 592 1393
40.jpg 0 464 153 700 589
40.jpg 0 852 1074 1085 1494
40.jpg 0 686 331 847 589
40.jpg 0 792 621 1093 1041
40.jpg 0 1019 25 1095 153
40.jpg 1 465 616 551 717
40.jpg 0 972 54 1057 243
40.jpg 0 768 1075 868 1300
40.jpg 1 624 1493 790 1559
40.jpg 0 920 601 1099 928
41.jpg 0 344 711 602 1013
41.jpg 0 259 837 376 1023
41.jpg 0 606 802 740 982
41.jpg 0 139 363 328 695
41.jpg 0 349 1104 531 1518
41.jpg 0 628 711 765 855
41.jpg 0 223 1244 376 1540
41.jpg 0 717 1122 907 1529
41.jpg 0 874 1105 1028 1509
41.jpg 0 281 346 456 670
41.jpg 0 37 422 156 655
41.jpg 0 343 24 527 329
42.jpg 0 559 1182 708 1464
42.jpg 0 831 133 1032 505
42.jpg 0 54 300 223 538
42.jpg 0 293 31 449 277
42.jpg 1 82 66 187 187
42.jpg 0 446 671 565 955
42.jpg 0 529 66 609 215
42.jpg 1 335 298 426 487
42.jpg 0 758 593 884 860
42.jpg 0 86 1198 230 1521
42.jpg 1 438 61 512 206
42.jpg 1 239 617 304 710
42.jpg 1 332 679 410 758
42.jpg 1 673 911 728 1002
42.jpg 1 329 655 419 761
43.jpg 0 489 72 698 394
43.jpg 0 611 30 741 213
43.jpg 0 384 39 536 300
43.jpg 0 78 841 285 1127
43.jpg 1 649 628 809 787
43.jpg 1 151 1407 284 1539
43.jpg 1 874 452 1005 629
43.jpg 1 879 459 999 578
43.jpg 1 122 235 215 340
44.jpg 0 614 108 755 377
44.jpg 0 374 1106 596 1482
44.jpg 0 636 1285 868 1558
44.jpg 0 507 499 698 792
44.jpg 0 731 812 945 1057
44.jpg 0 517 1051 653 1294
44.jpg 0 675 40 816 260
44.jpg 0 952 45 1116 314
44.jpg 0 636 884 772 1199
44.jpg 1 958 867 1075 1030
44.jpg 1 101 871 205 1096
44.jpg 1 797 23 906 170
44.jpg 1 953 662 1119 786
44.jpg 1 507 824 639 931
45.jpg 0 784 19 982 370
45.jpg 0 233 1252 463 1538
45.jpg 0 403 1184 570 1508
45.jpg 0 700 258 823 412
45.jpg 1 532 1029 651 1279
45.jpg 1 535 41 609 118
46.jpg 0 875 1126 1030 1394
46.jpg 0 18 319 294 668
46.jpg 0 552 1125 739 1431
46.jpg 0 877 696 1033 1000
46.jpg 0 752 197 881 450
46.jpg 1 859 78 1009 330
46.jpg 0 86 775 209 1112
46.jpg 0 380 332 562 644
46.jpg 0 385 15 561 341
46.jpg 0 312 683 446 910
46.jpg 0 566 489 714 664
46.jpg 0 424 1178 580 1356
46.jpg 0 605 495 711 662
46.jpg 1 329 1133 477 1305
46.jpg 1 287 1129 486 1359
46.jpg 0 564 455 757 668
46.jpg 1 136 1127 276 1585
46.jpg 1 41 1238 152 1444
46.jpg 1 289 1133 567 1359
47.jpg 0 619 1128 837 1443
47.jpg 0 100 894 318 1152
47.jpg 1 641 579 869 774
47.jpg 0 681 896 918 1133
47.jpg 1 376 903 466 1031
47.jpg 0 93 1267 276 1505
47.jpg 0 148 1153 322 1329
47.jpg 2 117 766 439 831
47.jpg 1 756 930 870 1108
48.jpg 0 533 471 667 728
48.jpg 0 695 82 858 378
48.jpg 0 661 1099 858 1503
48.jpg 1 932 859 1059 1055
48.jpg 1 456 1197 589 1484
48.jpg 1 606 1 787 212
48.jpg 1 153 1233 304 1425
48.jpg 1 172 875 305 1025
48.jpg 0 853 1116 1109 1523
48.jpg 0 857 812 1124 1133
48.jpg 1 996 2 1112 128
48.jpg 1 861 1117 1104 1520
48.jpg 1 128 42 287 246
48.jpg 1 147 172 221 245
49.jpg 0 420 855 665 1185
49.jpg 0 408 1201 704 1566
49.jpg 0 24 860 160 1135
49.jpg 0 475 373 711 758
49.jpg 0 589 850 701 1035
49.jpg 0 819 870 984 1162
49.jpg 1 122 809 183 908
49.jpg 1 207 854 271 942
49.jpg 2 192 814 299 854
49.jpg 1 964 399 1112 484
50.jpg 0 348 660 555 889
50.jpg 0 855 664 1025 893
50.jpg 0 17 658 289 1093
50.jpg 0 552 1147 775 1529
50.jpg 0 231 1154 381 1360
50.jpg 1 448 379 620 636
50.jpg 0 642 398 722 536
50.jpg 0 356 1155 554 1541
50.jpg 1 651 41 808 349
50.jpg 1 305 0 535 242
50.jpg 1 913 43 978 188
50.jpg 0 816 1519 889 1600
51.jpg 0 450 24 606 408
51.jpg 0 85 36 202 303
51.jpg 0 439 447 589 721
51.jpg 0 745 1278 843 1476
51.jpg 1 617 67 779 235
51.jpg 1 104 266 295 409
51.jpg 0 787 1228 874 1371
51.jpg 1 841 57 927 181
51.jpg 0 453 857 624 1134
51.jpg 1 798 129 851 222
52.jpg 0 422 47 658 407
52.jpg 0 127 383 264 693
52.jpg 0 843 152 1085 497
52.jpg 0 394 380 570 697
52.jpg 0 942 33 1079 199
52.jpg 1 321 0 516 142
52.jpg 0 389 982 609 1407
52.jpg 0 880 483 1027 696
52.jpg 0 528 893 712 1208
53.jpg 0 103 1209 253 1451
53.jpg 0 683 1136 885 1531
53.jpg 0 786 578 1105 958
53.jpg 0 519 207 778 565
53.jpg 0 349 238 522 563
53.jpg 0 323 585 462 971
53.jpg 0 842 1086 1039 1423
53.jpg 1 870 322 1031 555
53.jpg 0 460 663 559 935
53.jpg 1 253 1169 458 1267
53.jpg 1 602 1150 651 1212
53.jpg 1 540 1163 582 1219
53.jpg 1 356 1171 459 1247
53.jpg 1 263 1215 311 1284
53.jpg 1 262 1198 320 1286
54.jpg 0 92 424 294 701
54.jpg 0 206 736 339 928
54.jpg 0 144 226 311 412
54.jpg 0 810 736 932 915
54.jpg 0 638 1081 830 1475
54.jpg 0 320 1038 437 1247
54.jpg 0 567 453 693 677
54.jpg 1 159 1296 288 1459
54.jpg 1 328 1274 452 1453
54.jpg 0 563 1228 706 1487
54.jpg 0 466 233 646 410
54.jpg 0 475 28 642 264
54.jpg 0 465 110 647 409
54.jpg 1 880 75 1001 515
54.jpg 2 1095 806 1125 1238
55.jpg 0 711 68 939 384
55.jpg 0 203 1130 400 1484
55.jpg 0 324 1052 508 1395
55.jpg 0 580 154 730 392
55.jpg 1 221 632 292 736
55.jpg 0 35 424 226 723
55.jpg 1 740 1095 788 1194
55.jpg 1 118 247 186 321
55.jpg 2 146 55 491 188
55.jpg 1 337 202 395 295
55.jpg 1 809 1527 952 1600
55.jpg 1 111 714 218 778
56.jpg 0 197 1114 328 1291
56.jpg 0 84 699 274 1067
56.jpg 0 817 700 1013 1023
56.jpg 0 283 1107 372 1229
56.jpg 0 294 696 389 868
56.jpg 0 372 1283 516 1523
56.jpg 1 243 127 373 444
56.jpg 0 254 744 346 914
56.jpg 1 80 1121 202 1300
56.jpg 0 829 1165 1033 1529
56.jpg 1 131 321 200 577
56.jpg 1 570 560 791 629
56.jpg 0 375 1107 516 1297
56.jpg 2 408 475 625 545
56.jpg 1 409 477 626 547
56.jpg 2 402 377 818 455
56.jpg 2 573 560 793 628
56.jpg 0 710 705 824 906
57.jpg 0 490 197 659 449
57.jpg 1 825 947 971 1195
57.jpg 0 703 663 908 875
57.jpg 1 663 186 807 412
57.jpg 1 311 1428 543 1576
57.jpg 1 367 26 446 143
57.jpg 1 768 699 840 854
58.jpg 0 454 163 698 538
58.jpg 0 599 587 868 1021
58.jpg 0 302 36 463 318
58.jpg 1 556 1290 710 1544
58.jpg 0 832 555 1071 978
58.jpg 1 341 993 505 1372
58.jpg 0 94 919 319 1287
58.jpg 1 622 51 703 193
58.jpg 0 107 561 349 883
58.jpg 0 333 571 502 892
59.jpg 0 418 764 605 1013
59.jpg 0 796 1021 1034 1321
59.jpg 0 302 185 508 463
59.jpg 0 501 218 666 461
59.jpg 0 804 41 1033 459
59.jpg 0 93 300 217 460
59.jpg 0 137 239 245 377
59.jpg 1 355 549 408 634
59.jpg 0 673 1341 808 1534
59.jpg 1 195 500 312 647
59.jpg 1 236 4 329 131
59.jpg 1 135 1180 215 1296
59.jpg 1 593 1396 695 1540
59.jpg 1 291 1167 378 1296
60.jpg 0 744 1201 946 1515
60.jpg 0 460 374 594 588
60.jpg 0 865 116 1038 356
60.jpg 0 261 757 454 1082
60.jpg 0 539 31 693 348
60.jpg 0 425 737 594 1049
60.jpg 0 93 1156 325 1522
60.jpg 0 918 1163 1081 1505
60.jpg 1 110 591 345 701
60.jpg 0 134 129 259 343
60.jpg 1 254 385 358 461
60.jpg 0 643 833 774 1065
60.jpg 1 451 184 531 304
60.jpg 1 957 400 1048 558
61.jpg 0 392 514 651 955
61.jpg 0 179 535 419 873
61.jpg 0 768 498 1031 789
61.jpg 0 509 45 723 447
61.jpg 1 732 646 796 778
61.jpg 1 645 667 735 824
61.jpg 0 253 153 429 466
61.jpg 0 358 44 511 445
61.jpg 0 493 1041 622 1292
61.jpg 0 32 1277 257 1521
62.jpg 0 818 682 1041 1109
62.jpg 0 696 314 907 586
62.jpg 0 884 1126 1094 1359
62.jpg 0 122 335 263 642
62.jpg 0 223 1172 369 1509
62.jpg 0 524 60 690 276
62.jpg 1 375 1139 491 1390
62.jpg 0 191 217 389 591
62.jpg 1 427 761 541 1003
62.jpg 1 663 1147 749 1237
62.jpg 1 505 1416 591 1541
62.jpg 1 507 1418 590 1497
62.jpg 1 938 52 999 193
62.jpg 1 814 1344 1031 1597
62.jpg 1 515 1255 564 1324
63.jpg 0 641 351 862 673
63.jpg 0 415 31 637 347
63.jpg 0 579 713 814 996
63.jpg 0 726 1127 1030 1517
63.jpg 0 19 216 208 575
63.jpg 0 210 19 451 366
63.jpg 0 74 28 228 273
63.jpg 1 420 721 492 804
63.jpg 0 422 1050 582 1245
63.jpg 0 328 1234 585 1575
63.jpg 0 589 1219 698 1420
63.jpg 1 297 727 369 826
63.jpg 1 93 892 156 999
63.jpg 1 120 717 247 859
63.jpg 0 584 1447 801 1540
63.jpg 0 112 803 158 863
63.jpg 0 482 714 581 881
63.jpg 1 500 751 573 875
64.jpg 0 527 450 720 702
64.jpg 0 604 26 786 275
64.jpg 0 759 34 932 326
64.jpg 0 719 449 882 702
64.jpg 1 130 536 231 690
64.jpg 0 106 33 315 368
64.jpg 1 300 25 389 173
64.jpg 1 315 507 386 596
64.jpg 0 371 568 638 923
64.jpg 0 635 1248 827 1543
64.jpg 1 918 89 1018 229
64.jpg 1 730 268 794 354
64.jpg 1 103 1351 211 1599
64.jpg 0 687 960 1102 1269
64.jpg 0 690 965 983 1147
64.jpg 1 234 310 344 430
65.jpg 0 328 1082 593 1507
65.jpg 0 539 738 775 1037
65.jpg 0 84 554 242 786
65.jpg 0 442 205 713 540
65.jpg 0 849 33 1020 329
65.jpg 0 678 57 881 425
65.jpg 0 505 17 689 255
65.jpg 0 737 1053 908 1282
65.jpg 1 53 97 356 222
65.jpg 1 822 587 1011 871
65.jpg 1 618 1139 691 1242
65.jpg 1 82 1506 138 1548
65.jpg 1 254 419 311 529
65.jpg 1 861 1445 984 1510
65.jpg 1 0 1455 41 1504
66.jpg 0 416 1086 559 1308
66.jpg 0 187 638 360 931
66.jpg 0 870 1073 1040 1418
66.jpg 0 845 118 1108 495
66.jpg 0 581 629 769 864
66.jpg 0 295 35 601 479
66.jpg 0 965 633 1103 910
66.jpg 0 529 843 710 1062
66.jpg 0 560 1076 703 1336
66.jpg 1 423 1351 503 1489
66.jpg 1 97 1079 208 1343
66.jpg 1 390 1358 452 1492
66.jpg 1 790 681 861 767
66.jpg 1 489 1310 560 1449
66.jpg 1 389 1353 502 1489
66.jpg 1 446 1351 502 1483
66.jpg 1 97 1134 178 1340
66.jpg 1 868 1411 1033 1573
67.jpg 0 474 28 734 421
67.jpg 0 377 76 510 370
67.jpg 0 377 1193 555 1514
67.jpg 1 196 63 256 185
68.jpg 0 817 615 1072 995
68.jpg 0 536 42 799 430
68.jpg 0 780 30 1050 379
68.jpg 0 184 43 438 344
68.jpg 0 155 865 363 1113
68.jpg 0 527 634 812 787
68.jpg 1 362 780 507 1066
68.jpg 0 116 330 265 426
68.jpg 1 748 815 819 899
68.jpg 1 438 190 545 388
68.jpg 0 170 1231 296 1500
68.jpg 1 751 1194 815 1290
68.jpg 1 860 1142 920 1223
69.jpg 0 252 51 456 379
69.jpg 0 45 939 300 1275
69.jpg 0 854 61 983 283
69.jpg 0 555 1349 690 1545
69.jpg 0 564 34 715 129
69.jpg 1 455 178 566 348
69.jpg 0 497 467 612 716
69.jpg 0 86 457 255 831
69.jpg 1 899 1110 1020 1224
69.jpg 0 87 458 255 702
69.jpg 1 688 1244 787 1474
69.jpg 1 611 991 718 1135
69.jpg 0 86 477 223 921
69.jpg 1 316 1209 459 1458
69.jpg 0 87 610 222 922
69.jpg 0 575 72 813 234
69.jpg 1 240 762 336 870
69.jpg 1 314 1141 495 1460
69.jpg 1 262 784 335 872
69.jpg 1 95 80 242 315
69.jpg 1 329 1213 455 1366
70.jpg 1 504 398 649 556
70.jpg 0 856 698 1076 1140
70.jpg 0 578 43 758 352
70.jpg 1 246 574 613 789
70.jpg 0 573 1226 780 1522
70.jpg 1 774 25 961 179
70.jpg 0 741 1129 1038 1304
70.jpg 1 479 188 588 356
70.jpg 2 777 1300 1092 1372
70.jpg 1 984 101 1064 237
70.jpg 1 832 385 952 558
70.jpg 1 144 46 237 331
70.jpg 1 265 56 383 216
70.jpg 1 98 1379 327 1593
70.jpg 1 151 129 234 332
71.jpg 1 690 1202 872 1475
71.jpg 1 756 0 1010 228
71.jpg 1 779 515 1021 761
71.jpg 0 423 1134 701 1520
71.jpg 1 611 167 719 314
72.jpg 1 184 931 318 1050
72.jpg 0 352 458 603 721
72.jpg 1 247 739 472 933
72.jpg 1 834 1308 929 1420
72.jpg 1 357 1165 530 1284
72.jpg 1 617 519 705 668
72.jpg 0 645 807 747 1058
72.jpg 1 335 476 381 547
72.jpg 1 935 805 1054 977
72.jpg 1 757 804 886 1046
72.jpg 1 472 1373 689 1499
72.jpg 1 547 1 838 345
73.jpg 0 585 332 802 565
73.jpg 1 177 532 407 682
73.jpg 1 465 676 596 839
73.jpg 1 738 214 1011 551
73.jpg 1 564 1355 864 1600
73.jpg 1 843 1130 1005 1441
73.jpg 1 32 1144 501 1582
73.jpg 1 443 672 609 968
73.jpg 1 908 817 987 987
73.jpg 1 32 349 222 497
73.jpg 1 510 835 595 962
75.jpg 0 738 1274 827 1414
75.jpg 0 390 983 559 1158
75.jpg 0 79 1112 152 1223
75.jpg 1 309 1044 397 1213
75.jpg 1 489 537 735 885
75.jpg 1 544 0 682 169
75.jpg 1 4 672 439 1019
75.jpg 0 125 1038 207 1157
75.jpg 1 664 939 780 1111
75.jpg 1 146 164 440 707
75.jpg 1 527 927 779 1125
76.jpg 0 592 50 767 350
76.jpg 0 727 49 931 328
76.jpg 0 790 971 927 1249
76.jpg 1 106 1260 240 1445
76.jpg 1 969 174 1109 350
76.jpg 1 183 787 588 946
76.jpg 1 367 1193 444 1301
76.jpg 1 970 1007 1097 1317
76.jpg 1 214 342 518 888
77.jpg 0 54 1281 204 1503
77.jpg 1 40 84 171 288
77.jpg 0 551 85 682 339
77.jpg 0 152 823 368 1088
77.jpg 1 433 144 521 290
77.jpg 0 67 1116 206 1310
77.jpg 0 63 515 173 694
77.jpg 0 551 1102 731 1320
77.jpg 0 549 1293 711 1551
77.jpg 0 370 445 583 697
77.jpg 0 499 393 599 583
77.jpg 1 719 1177 796 1294
77.jpg 1 353 751 516 984
77.jpg 0 795 1105 914 1238
78.jpg 0 719 83 898 418
78.jpg 0 155 1153 397 1446
78.jpg 0 758 1015 891 1205
78.jpg 0 880 57 1025 365
78.jpg 0 592 69 719 294
78.jpg 1 94 1379 187 1535
78.jpg 0 721 1160 886 1475
78.jpg 1 139 599 332 812
78.jpg 2 108 84 414 165
78.jpg 1 227 1014 297 1099
78.jpg 1 1021 1078 1109 1285
78.jpg 2 151 187 459 266
78.jpg 1 839 699 914 780
78.jpg 1 273 960 337 1097
78.jpg 1 442 69 593 205
78.jpg 1 325 295 391 420
78.jpg 1 226 1008 323 1099
79.jpg 0 760 1198 881 1455
79.jpg 0 781 1043 906 1231
79.jpg 0 328 1276 565 1369
79.jpg 0 564 1032 711 1238
79.jpg 1 562 539 636 692
79.jpg 0 335 1071 436 1224
79.jpg 0 450 1051 617 1282
79.jpg 1 476 268 570 459
79.jpg 1 497 134 791 235
79.jpg 0 144 1027 299 1251
79.jpg 1 364 1382 504 1544
79.jpg 1 784 273 846 453
79.jpg 1 81 1289 159 1400
80.jpg 0 93 475 264 815
80.jpg 0 522 1194 795 1554
80.jpg 0 761 1174 979 1537
80.jpg 0 122 1045 192 1185
80.jpg 0 290 98 462 456
80.jpg 0 144 1200 205 1292
80.jpg 0 384 843 486 1084
80.jpg 0 113 1275 237 1486
80.jpg 0 178 147 323 438
80.jpg 0 621 483 748 823
80.jpg 1 913 600 1057 803
80.jpg 1 240 1257 444 1560
80.jpg 1 233 1122 455 1562
81.jpg 0 697 480 1011 860
81.jpg 0 489 891 751 1166
81.jpg 0 98 518 224 759
81.jpg 0 276 894 472 1088
81.jpg 0 475 1115 672 1464
81.jpg 0 379 150 523 400
81.jpg 0 234 1036 478 1426
81.jpg 0 451 81 582 337
81.jpg 1 106 909 184 1007
81.jpg 1 58 1345 258 1597
82.jpg 0 464 53 653 422
82.jpg 0 139 1129 370 1461
82.jpg 0 657 1076 812 1313
82.jpg 2 588 802 1022 899
82.jpg 1 776 1028 1015 1111
82.jpg 2 590 925 1008 1033
82.jpg 1 422 1435 1042 1599
82.jpg 2 778 1027 1017 1113
82.jpg 1 658 1431 1030 1558
82.jpg 1 778 946 995 1031
82.jpg 1 425 1474 705 1599
83.jpg 0 274 597 622 881
84.jpg 0 145 356 301 596
84.jpg 0 797 657 1040 1011
84.jpg 0 419 1203 687 1561
84.jpg 0 747 515 999 617
84.jpg 0 827 1041 960 1260
84.jpg 0 726 1288 834 1475
84.jpg 0 452 229 704 626
84.jpg 0 303 283 498 561
84.jpg 1 224 695 292 903
84.jpg 1 670 668 784 892
84.jpg 1 978 1031 1064 1244
84.jpg 1 836 1357 917 1491
84.jpg 1 1004 1315 1072 1407
84.jpg 2 165 42 859 160
84.jpg 1 128 169 477 275
84.jpg 2 126 168 476 272
85.jpg 0 162 1259 378 1554
85.jpg 0 552 208 787 522
85.jpg 0 922 30 1032 318
85.jpg 0 152 497 434 593
85.jpg 0 552 499 736 695
85.jpg 0 659 630 785 804
85.jpg 0 782 951 1037 1346
85.jpg 1 414 425 538 792
85.jpg 0 134 818 397 1100
85.jpg 0 193 1078 350 1271
85.jpg 2 121 316 478 410
85.jpg 1 563 691 647 784
85.jpg 0 118 315 476 410
85.jpg 1 283 152 327 234
85.jpg 0 176 659 410 767
85.jpg 0 917 825 1030 974
86.jpg 0 414 441 574 728
86.jpg 0 92 795 235 1092
86.jpg 0 439 1140 576 1404
86.jpg 0 421 795 570 1107
86.jpg 1 747 1331 1033 1469
86.jpg 0 436 87 577 424
86.jpg 1 99 323 196 434
86.jpg 1 326 113 408 199
86.jpg 1 119 1190 235 1352
86.jpg 2 710 142 1038 239
86.jpg 2 91 24 580 97
86.jpg 1 767 1273 849 1326
87.jpg 0 475 1037 639 1380
87.jpg 0 656 577 767 749
87.jpg 0 86 311 244 544
87.jpg 1 376 1248 478 1413
87.jpg 0 350 172 450 333
87.jpg 1 723 1000 778 1081
87.jpg 1 338 1154 430 1279
87.jpg 1 951 998 1008 1072
87.jpg 1 386 989 482 1148
87.jpg 0 538 681 663 862
87.jpg 1 3 1218 98 1382
87.jpg 1 896 604 999 725
87.jpg 2 538 457 1019 556
87.jpg 0 360 30 447 183
87.jpg 1 822 998 928 1099
87.jpg 1 826 1001 872 1099
87.jpg 1 352 597 492 787
88.jpg 0 461 742 751 933
88.jpg 0 124 780 411 931
88.jpg 0 409 948 657 1351
88.jpg 0 295 347 463 726
88.jpg 0 851 353 1095 499
88.jpg 0 779 949 993 1276
88.jpg 1 869 497 1104 604
88.jpg 1 876 748 991 862
88.jpg 2 512 243 1025 328
88.jpg 1 703 355 827 514
88.jpg 0 645 954 779 1185
88.jpg 1 490 380 571 444
89.jpg 0 832 439 1032 774
89.jpg 1 223 1183 533 1359
89.jpg 0 899 83 1032 442
89.jpg 1 52 374 333 588
89.jpg 0 871 1160 1034 1401
89.jpg 0 550 795 689 1166
89.jpg 0 883 796 1033 1164
89.jpg 0 547 439 658 775
89.jpg 1 568 105 665 182
89.jpg 0 74 99 338 266
89.jpg 1 674 109 762 202
89.jpg 1 559 1302 677 1506
89.jpg 1 78 97 341 256
89.jpg 0 878 1384 1029 1504
89.jpg 1 773 679 847 794
89.jpg 0 557 1300 679 1504
89.jpg 2 615 14 957 90
90.jpg 1 582 653 783 755
91.jpg 2 79 634 415 704
91.jpg 2 186 411 414 479
