02001.jpg 0 27 1317 172 1576
02001.jpg 0 67 1134 214 1361
02001.jpg 0 346 1144 473 1424
02001.jpg 0 555 114 845 557
02001.jpg 2 644 33 1059 147
02001.jpg 1 809 1038 926 1197
02001.jpg 1 298 941 342 1016
02002.jpg 0 925 325 1115 607
02002.jpg 0 124 15 304 298
02002.jpg 0 115 321 323 674
02002.jpg 0 102 950 248 1221
02002.jpg 0 348 1329 500 1608
02002.jpg 0 668 960 799 1222
02002.jpg 0 994 955 1136 1213
02002.jpg 0 876 14 1010 227
02002.jpg 0 467 1324 571 1499
02003.jpg 0 347 510 500 796
02003.jpg 0 880 35 1059 307
02003.jpg 0 496 1047 670 1300
02003.jpg 0 909 1065 1038 1260
02003.jpg 0 188 34 346 273
02003.jpg 1 220 276 315 455
02003.jpg 0 40 339 150 497
02003.jpg 0 605 1563 777 1617
02004.jpg 0 697 957 907 1306
02004.jpg 0 698 1070 905 1301
02004.jpg 1 940 1362 1041 1496
02004.jpg 1 1028 1142 1124 1250
02004.jpg 1 1037 866 1134 988
02005.jpg 0 55 227 289 500
02005.jpg 0 372 1340 543 1597
02005.jpg 0 825 1317 1000 1604
02005.jpg 0 575 55 746 295
02005.jpg 0 466 1272 587 1428
02005.jpg 0 929 1250 1058 1446
02005.jpg 0 948 122 1045 288
02005.jpg 0 69 1344 187 1536
02006.jpg 0 656 1186 811 1444
02006.jpg 0 256 617 401 835
02006.jpg 0 619 642 750 852
02006.jpg 0 95 1127 254 1351
02006.jpg 0 427 650 516 763
02006.jpg 1 744 621 994 764
02006.jpg 1 346 1529 460 1617
02006.jpg 1 867 185 1136 514
02007.jpg 0 9 0 311 428
02007.jpg 1 635 633 776 774
02007.jpg 1 145 472 300 681
02007.jpg 0 804 0 1053 468
02007.jpg 1 803 1299 1071 1609
02007.jpg 1 281 1193 527 1587
02008.jpg 0 896 850 1101 1136
02008.jpg 0 88 881 357 1387
02008.jpg 1 335 160 473 396
02008.jpg 0 368 65 446 167
02008.jpg 1 87 443 186 677
02009.jpg 0 624 59 803 386
02009.jpg 0 812 597 960 818
02009.jpg 0 41 1302 173 1385
02009.jpg 0 554 726 636 822
02009.jpg 0 774 55 883 249
02009.jpg 2 84 1366 340 1442
02009.jpg 0 177 49 303 212
02009.jpg 0 199 1490 399 1618
02010.jpg 0 630 511 801 803
02010.jpg 0 475 852 634 1124
02010.jpg 0 192 438 350 704
02010.jpg 0 63 1026 258 1283
02010.jpg 0 352 439 528 693
02010.jpg 0 841 2 1011 326
02010.jpg 0 746 446 929 665
02010.jpg 0 977 391 1120 616
02010.jpg 0 165 849 301 1060
02011.jpg 0 660 98 896 423
02011.jpg 0 57 534 309 930
02011.jpg 0 840 19 1070 335
02011.jpg 0 813 542 1040 974
02011.jpg 0 62 929 247 1192
02012.jpg 0 423 0 622 285
02012.jpg 0 258 1045 452 1346
02012.jpg 0 67 745 220 997
02012.jpg 0 433 1021 585 1289
02012.jpg 0 673 731 848 992
02012.jpg 0 849 1048 1001 1253
02012.jpg 0 184 687 335 938
02012.jpg 0 931 1010 1027 1117
02012.jpg 0 724 1390 830 1535
02012.jpg 0 862 779 1000 974
02012.jpg 0 925 59 1130 333
02012.jpg 0 252 1355 395 1553
02012.jpg 0 832 1400 921 1512
02012.jpg 0 393 431 499 549
02012.jpg 1 91 5 351 252
02012.jpg 1 513 1293 613 1418
02013.jpg 0 332 22 551 392
02013.jpg 0 740 1259 989 1613
02013.jpg 0 118 840 343 1157
02013.jpg 0 828 837 1025 1124
02013.jpg 0 130 1229 313 1480
02013.jpg 0 288 1212 400 1392
02013.jpg 0 912 1223 1045 1431
02013.jpg 0 753 19 862 193
02013.jpg 1 732 1018 844 1171
02013.jpg 0 468 751 541 812
02013.jpg 1 842 178 937 268
02014.jpg 0 462 1168 713 1527
02014.jpg 0 559 557 769 833
02014.jpg 0 534 823 729 1109
02014.jpg 0 888 621 1093 932
02014.jpg 0 77 705 248 991
02014.jpg 0 792 34 1015 323
02014.jpg 0 63 216 240 510
02014.jpg 0 218 589 378 909
02014.jpg 0 1008 542 1124 714
02014.jpg 0 207 101 405 415
02014.jpg 1 419 589 552 729
02014.jpg 1 760 1321 1095 1618
02015.jpg 0 804 515 1005 782
02015.jpg 0 512 928 719 1246
02015.jpg 0 278 929 508 1248
02015.jpg 0 854 928 1051 1244
02015.jpg 0 879 38 1027 305
02015.jpg 0 84 74 268 363
02015.jpg 0 510 1264 662 1517
02015.jpg 0 75 1185 282 1277
02016.jpg 0 107 1254 315 1531
02016.jpg 0 181 4 431 323
02016.jpg 0 898 1180 1063 1430
02016.jpg 0 828 316 1058 642
02016.jpg 0 473 1121 645 1371
02016.jpg 0 793 586 1013 914
02016.jpg 0 866 8 1021 276
02016.jpg 0 225 381 328 542
02016.jpg 0 83 635 232 836
02016.jpg 0 297 337 397 483
02016.jpg 0 239 874 403 1107
02016.jpg 0 100 535 200 654
02016.jpg 1 407 784 663 904
02016.jpg 0 230 750 339 892
02017.jpg 0 426 1007 637 1297
02017.jpg 0 797 666 990 986
02017.jpg 0 72 633 272 971
02017.jpg 0 61 1229 296 1508
02017.jpg 0 228 562 383 840
02017.jpg 0 157 1009 367 1275
02017.jpg 0 676 1094 825 1299
02017.jpg 0 873 1132 1031 1343
02017.jpg 0 800 65 969 310
02017.jpg 0 925 618 1032 771
02017.jpg 0 737 1014 841 1147
02017.jpg 0 350 57 536 311
02017.jpg 1 255 124 354 247
02017.jpg 0 75 331 221 534
02017.jpg 0 923 1015 1030 1156
02017.jpg 0 797 578 877 675
02017.jpg 1 517 1283 612 1460
02017.jpg 0 916 35 1048 249
02017.jpg 0 74 127 238 342
02018.jpg 0 85 799 280 1102
02018.jpg 0 742 486 983 789
02018.jpg 0 381 40 601 317
02018.jpg 0 930 775 1123 1079
02018.jpg 0 591 76 764 348
02018.jpg 0 75 50 329 358
02018.jpg 0 889 1007 1069 1272
02018.jpg 0 362 815 482 980
02018.jpg 0 782 340 878 467
02018.jpg 0 947 42 1051 202
02018.jpg 0 814 58 964 274
02018.jpg 1 371 1294 475 1434
02018.jpg 0 900 349 978 463
02018.jpg 0 937 317 1008 406
02018.jpg 1 842 1083 905 1180
02019.jpg 0 453 255 687 551
02019.jpg 0 809 963 1018 1251
02019.jpg 0 500 577 679 844
02019.jpg 0 499 0 732 294
02019.jpg 0 281 972 435 1218
02019.jpg 0 23 197 212 495
02019.jpg 0 655 1097 903 1525
02019.jpg 0 47 605 235 874
02019.jpg 0 239 0 472 270
02019.jpg 0 197 1118 337 1336
02019.jpg 0 915 1 1054 224
02019.jpg 1 802 597 899 755
02019.jpg 1 778 126 844 241
02019.jpg 1 710 657 752 781
02019.jpg 1 41 838 112 936
02019.jpg 1 899 608 1036 796
02020.jpg 0 107 1303 272 1616
02020.jpg 0 285 32 435 255
02020.jpg 0 658 789 808 1012
02020.jpg 0 236 174 370 384
02020.jpg 0 939 271 1082 472
02020.jpg 0 95 775 234 1016
02020.jpg 0 681 45 821 249
02020.jpg 0 682 304 801 466
02020.jpg 0 82 120 215 281
02020.jpg 0 442 1022 585 1293
02020.jpg 1 383 545 428 617
02020.jpg 1 869 565 932 712
02020.jpg 0 241 588 311 672
02020.jpg 1 278 411 340 486
02020.jpg 1 458 540 592 696
02020.jpg 0 381 632 447 707
02021.jpg 0 786 1184 956 1536
02021.jpg 0 170 1156 359 1455
02021.jpg 0 340 1151 465 1339
02021.jpg 0 921 1150 1043 1406
02022.jpg 0 847 30 1047 286
02022.jpg 0 104 694 323 973
02022.jpg 0 649 667 820 928
02022.jpg 0 330 222 525 555
02022.jpg 0 552 758 699 983
02022.jpg 0 860 684 1028 937
02022.jpg 0 149 0 354 355
02022.jpg 0 929 1146 1030 1314
02022.jpg 0 223 385 347 623
02022.jpg 0 372 735 469 861
02022.jpg 0 374 30 506 240
02023.jpg 0 629 224 855 552
02023.jpg 0 707 20 896 257
02023.jpg 2 98 54 433 122
02023.jpg 1 371 860 558 1050
02023.jpg 1 132 550 251 674
02023.jpg 1 369 860 555 992
02023.jpg 1 293 639 509 815
02023.jpg 1 35 1234 191 1493
02023.jpg 1 220 257 479 373
02024.jpg 0 437 652 604 924
02024.jpg 0 285 1188 493 1543
02024.jpg 0 790 91 977 350
02024.jpg 0 909 495 1073 761
02024.jpg 0 428 1092 575 1320
02024.jpg 0 776 513 931 765
02024.jpg 0 908 966 1061 1168
02024.jpg 1 81 492 250 640
02024.jpg 0 270 518 484 682
02024.jpg 0 144 53 235 199
02024.jpg 0 538 533 646 764
02024.jpg 1 872 1196 1020 1382
02025.jpg 0 21 630 254 957
02025.jpg 0 46 402 229 636
02025.jpg 0 284 1000 479 1267
02025.jpg 0 59 1047 316 1404
02025.jpg 0 710 1064 900 1378
02025.jpg 0 593 548 777 832
02025.jpg 0 847 41 1042 411
02025.jpg 0 430 54 551 253
02025.jpg 0 877 1009 1032 1304
02025.jpg 0 260 1416 386 1602
02025.jpg 1 712 0 872 89
02025.jpg 0 829 1432 908 1528
02026.jpg 0 144 920 304 1189
02026.jpg 0 851 891 1005 1184
02026.jpg 0 267 838 421 1150
02026.jpg 0 755 72 932 361
02026.jpg 0 890 33 1064 284
02026.jpg 0 972 795 1071 1010
02026.jpg 0 704 451 833 657
02026.jpg 1 767 1249 827 1330
02026.jpg 1 566 1235 622 1316
02026.jpg 1 360 128 409 208
02026.jpg 1 917 628 1121 772
02027.jpg 0 427 109 650 536
02027.jpg 0 689 482 939 770
02027.jpg 0 69 1 245 267
02027.jpg 0 639 1094 810 1348
02027.jpg 0 473 796 613 995
02027.jpg 0 859 148 1067 468
02027.jpg 0 76 799 248 1066
02027.jpg 0 512 593 696 810
02027.jpg 0 65 526 226 743
02027.jpg 0 496 1137 617 1304
02027.jpg 0 922 1088 1034 1270
02027.jpg 0 825 1139 979 1371
02027.jpg 0 772 819 876 967
02027.jpg 0 479 1387 628 1612
02027.jpg 0 880 868 1004 1050
02027.jpg 0 895 461 1035 662
02027.jpg 0 290 14 411 170
02027.jpg 0 928 786 1023 898
02027.jpg 0 162 428 273 581
02027.jpg 0 901 1 1051 169
02027.jpg 1 28 956 120 1119
02028.jpg 1 291 929 421 1267
02028.jpg 0 532 36 643 202
02028.jpg 1 514 913 574 1124
02028.jpg 1 561 1212 634 1440
02028.jpg 0 872 39 939 117
02028.jpg 0 835 546 1140 911
02028.jpg 1 753 832 887 1025
02028.jpg 1 994 615 1107 794
02029.jpg 1 241 982 321 1088
02029.jpg 1 219 1348 310 1459
02029.jpg 0 478 20 823 516
02029.jpg 1 34 1174 169 1278
02029.jpg 1 92 1304 134 1360
02029.jpg 2 919 36 1140 188
02030.jpg 0 485 1073 702 1320
02030.jpg 0 803 404 977 693
02030.jpg 0 950 1173 1105 1447
02030.jpg 0 104 537 246 813
02030.jpg 0 547 415 700 734
02030.jpg 0 724 513 838 712
02030.jpg 0 540 1349 675 1534
02030.jpg 0 98 902 229 1090
02030.jpg 0 96 1109 228 1280
02030.jpg 1 682 224 792 359
02031.jpg 0 776 1148 1012 1429
02031.jpg 0 25 78 222 388
02031.jpg 0 32 1082 204 1364
02031.jpg 0 268 935 463 1232
02031.jpg 0 862 941 1030 1162
02031.jpg 0 811 31 1074 370
02031.jpg 0 335 534 556 928
02031.jpg 0 813 358 1051 639
02031.jpg 0 115 923 243 1142
02031.jpg 0 419 147 532 286
02031.jpg 0 418 66 526 178
02031.jpg 0 414 418 531 551
02031.jpg 0 251 1523 354 1617
02031.jpg 1 155 1314 215 1411
02032.jpg 0 937 1202 1118 1482
02032.jpg 0 98 346 294 633
02032.jpg 0 649 264 861 606
02032.jpg 0 442 1182 698 1613
02032.jpg 0 335 29 507 297
02032.jpg 0 913 38 1086 321
02032.jpg 0 744 90 884 323
02032.jpg 0 993 748 1088 874
02032.jpg 0 912 787 1040 979
02032.jpg 0 540 481 683 664
02032.jpg 0 990 981 1126 1178
02032.jpg 1 79 743 331 1139
02032.jpg 0 690 1580 814 1618
02032.jpg 1 94 624 190 726
02033.jpg 0 379 3 597 279
02033.jpg 0 837 512 1025 778
02033.jpg 0 301 226 566 510
02033.jpg 0 95 854 338 1199
02033.jpg 0 796 137 976 360
02033.jpg 0 467 864 729 1243
02033.jpg 0 606 0 752 254
02033.jpg 0 893 21 1038 250
02033.jpg 0 671 518 793 676
02033.jpg 0 375 1405 472 1512
02034.jpg 0 914 47 1074 408
02034.jpg 0 466 60 667 346
02034.jpg 1 590 704 777 999
02034.jpg 1 774 395 857 610
02034.jpg 1 454 342 603 458
02035.jpg 0 215 781 338 923
02035.jpg 1 84 53 389 191
02035.jpg 1 424 1011 779 1461
02036.jpg 0 439 172 635 420
02036.jpg 0 546 0 723 281
02036.jpg 0 656 903 829 1127
02036.jpg 0 672 1258 785 1456
02036.jpg 0 847 906 991 1104
02036.jpg 0 395 558 518 729
02036.jpg 0 164 394 280 547
02037.jpg 0 39 827 205 1081
02037.jpg 0 549 77 727 379
02037.jpg 0 42 1172 241 1419
02037.jpg 0 455 865 621 1091
02037.jpg 0 158 0 358 246
02037.jpg 0 828 860 964 1129
02037.jpg 0 140 214 394 558
02037.jpg 0 502 1304 618 1409
02037.jpg 0 683 55 818 287
02037.jpg 0 514 1224 597 1317
02037.jpg 0 623 846 802 1084
02037.jpg 0 34 1342 143 1425
02037.jpg 0 432 0 524 117
02038.jpg 0 826 861 988 1089
02038.jpg 0 596 0 807 394
02038.jpg 0 469 929 620 1146
02038.jpg 0 306 577 439 840
02038.jpg 0 395 20 552 238
02038.jpg 0 340 199 524 427
02038.jpg 0 564 867 666 1037
02038.jpg 0 450 1218 591 1437
02038.jpg 0 82 189 195 369
02038.jpg 0 433 426 546 648
02038.jpg 0 868 1154 992 1360
02038.jpg 0 76 901 216 1095
02038.jpg 0 775 1247 931 1427
02038.jpg 0 334 1193 446 1337
02038.jpg 0 85 518 170 649
02038.jpg 0 240 1280 444 1438
02039.jpg 0 330 26 531 328
02039.jpg 0 386 1192 565 1433
02039.jpg 0 209 789 383 1046
02039.jpg 0 74 870 257 1140
02039.jpg 0 820 842 960 1094
02039.jpg 0 75 1199 281 1474
02039.jpg 0 40 291 252 574
02039.jpg 0 60 50 241 301
02039.jpg 0 791 27 981 335
02039.jpg 0 759 1238 886 1445
02039.jpg 0 551 51 723 317
02039.jpg 0 858 1190 968 1372
02039.jpg 0 186 543 338 742
02039.jpg 0 288 366 469 565
02039.jpg 0 379 1371 448 1440
02040.jpg 0 104 868 272 1112
02040.jpg 0 62 359 222 603
02040.jpg 0 185 42 358 281
02040.jpg 0 216 768 356 996
02040.jpg 0 366 365 516 602
02040.jpg 0 823 1196 953 1440
02040.jpg 0 806 776 952 983
02040.jpg 0 118 1190 202 1336
02040.jpg 0 477 313 605 525
02040.jpg 0 911 300 1043 474
02040.jpg 1 751 1378 827 1497
02040.jpg 0 665 318 778 466
02040.jpg 0 823 1196 948 1345
02041.jpg 0 454 1106 661 1394
02041.jpg 0 780 4 984 280
02041.jpg 0 863 1054 996 1276
02041.jpg 0 492 18 703 311
02041.jpg 1 32 324 158 560
02041.jpg 0 665 1081 752 1205
02041.jpg 1 331 315 460 489
02041.jpg 0 505 689 825 782
02041.jpg 2 95 57 399 109
02042.jpg 0 777 952 1001 1258
02042.jpg 0 74 940 271 1241
02042.jpg 0 300 633 478 922
02042.jpg 0 410 940 584 1198
02042.jpg 0 801 436 962 717
02042.jpg 0 327 356 495 647
02042.jpg 0 768 701 950 941
02042.jpg 1 311 115 410 228
02043.jpg 0 325 1127 475 1379
02043.jpg 0 342 265 542 576
02043.jpg 0 515 1118 687 1423
02043.jpg 0 471 151 645 403
02043.jpg 0 259 1290 386 1488
02043.jpg 1 112 1165 178 1275
02044.jpg 0 86 1255 239 1487
02044.jpg 0 97 927 259 1184
02044.jpg 0 306 551 474 817
02044.jpg 0 812 1116 1005 1421
02044.jpg 0 301 1 489 297
02044.jpg 0 846 586 1032 876
02044.jpg 0 922 470 1046 654
02044.jpg 1 488 592 624 809
02044.jpg 1 598 422 699 606
02044.jpg 1 252 993 368 1177
02044.jpg 1 919 871 994 966
02045.jpg 0 437 893 593 1170
02045.jpg 0 741 558 927 848
02045.jpg 0 32 1128 212 1399
02045.jpg 0 446 1205 619 1472
02045.jpg 0 175 559 327 818
02045.jpg 0 843 850 983 1077
02045.jpg 0 305 841 438 1038
02045.jpg 0 859 491 973 673
02045.jpg 0 544 838 654 989
02045.jpg 0 879 80 963 264
02045.jpg 0 111 71 264 319
02045.jpg 0 451 53 539 180
02045.jpg 0 354 73 484 282
02045.jpg 0 284 522 405 705
02045.jpg 1 766 376 828 485
02046.jpg 0 299 803 583 931
02046.jpg 0 605 447 778 730
02046.jpg 0 119 1182 309 1468
02046.jpg 0 849 836 1019 1103
02046.jpg 0 551 1338 901 1472
02046.jpg 0 250 25 395 282
02046.jpg 0 100 1050 398 1187
02046.jpg 0 466 27 596 290
02046.jpg 0 882 154 1004 354
02046.jpg 0 91 88 210 264
02046.jpg 1 643 52 980 207
02046.jpg 2 553 1340 905 1477
02047.jpg 0 790 441 978 733
02047.jpg 0 791 16 954 261
02047.jpg 0 386 53 540 293
02047.jpg 0 314 481 516 752
02047.jpg 0 35 508 210 776
02047.jpg 0 492 14 635 232
02047.jpg 0 161 470 263 611
02047.jpg 0 497 911 604 1057
02047.jpg 0 250 1285 361 1436
02048.jpg 0 100 1029 291 1333
02048.jpg 0 865 953 1041 1221
02048.jpg 0 349 158 545 442
02048.jpg 0 70 636 238 895
02048.jpg 0 757 1113 965 1426
02048.jpg 0 69 188 244 471
02048.jpg 0 373 570 520 789
02048.jpg 0 459 33 592 220
02048.jpg 0 809 365 1030 639
02048.jpg 0 231 116 352 322
02048.jpg 0 904 51 980 187
02049.jpg 0 401 684 596 998
02049.jpg 0 402 1030 587 1327
02049.jpg 0 803 39 977 319
02049.jpg 0 70 130 237 385
02049.jpg 0 24 752 199 1031
02049.jpg 0 217 54 383 338
02049.jpg 0 40 1084 197 1387
02049.jpg 0 799 692 997 972
02049.jpg 0 405 368 543 562
02049.jpg 0 397 172 557 379
02049.jpg 0 705 721 790 861
02049.jpg 0 816 966 983 1180
02049.jpg 0 758 199 893 402
02049.jpg 0 609 785 754 1059
02049.jpg 0 455 92 555 200
02049.jpg 0 408 559 502 669
02050.jpg 0 164 289 346 543
02050.jpg 0 553 1240 695 1492
02050.jpg 0 783 546 960 785
02050.jpg 0 509 1006 689 1245
02050.jpg 0 715 675 847 866
02050.jpg 0 840 954 995 1223
02050.jpg 0 904 861 1003 992
02050.jpg 0 345 581 461 766
02050.jpg 0 579 859 705 1038
02050.jpg 1 763 911 876 1042
02050.jpg 0 386 1247 500 1407
02050.jpg 1 222 101 355 280
02050.jpg 0 192 1248 309 1427
02050.jpg 0 79 1384 172 1509
02050.jpg 0 311 1271 394 1411
02050.jpg 1 818 103 946 278
02051.jpg 0 627 55 780 312
02051.jpg 0 714 1067 922 1377
02051.jpg 0 345 139 527 395
02051.jpg 0 440 22 589 237
02051.jpg 0 714 475 869 716
02051.jpg 0 203 225 327 402
02051.jpg 0 720 13 824 193
02051.jpg 0 98 342 191 475
02052.jpg 0 591 589 765 805
02052.jpg 0 411 277 625 571
02052.jpg 0 912 596 1051 782
02052.jpg 0 457 51 626 287
02052.jpg 0 905 936 1047 1146
02052.jpg 0 261 711 370 950
02052.jpg 0 774 949 874 1091
02052.jpg 0 160 865 306 1060
02052.jpg 0 564 790 644 899
02052.jpg 0 877 41 999 206
02052.jpg 0 763 66 895 257
02052.jpg 1 112 1076 264 1366
02052.jpg 1 302 960 350 1041
02053.jpg 1 529 26 653 330
02053.jpg 1 45 587 230 986
02053.jpg 1 890 23 979 282
02053.jpg 1 459 30 653 428
02054.jpg 0 661 994 902 1372
02054.jpg 0 778 851 988 1141
02054.jpg 0 473 216 683 507
02054.jpg 0 105 214 269 475
02054.jpg 0 169 32 322 257
02054.jpg 0 549 37 703 260
02054.jpg 1 117 1278 188 1389
02055.jpg 0 71 853 223 1050
02055.jpg 0 363 505 514 728
02055.jpg 0 438 1197 561 1392
02055.jpg 0 434 813 575 1013
02055.jpg 0 37 543 183 749
02055.jpg 1 273 138 343 373
02055.jpg 0 227 825 325 957
02055.jpg 0 0 69 155 332
02055.jpg 0 82 1055 175 1163
02055.jpg 1 853 96 948 281
02055.jpg 1 634 218 695 560
02056.jpg 0 73 778 265 1040
02056.jpg 0 460 82 657 361
02056.jpg 0 615 1154 744 1400
02056.jpg 0 105 1168 287 1413
02056.jpg 0 77 69 269 399
02056.jpg 0 422 805 596 1106
02056.jpg 0 868 769 1001 982
02056.jpg 0 807 566 896 706
02056.jpg 0 847 90 1002 336
02057.jpg 0 607 825 766 1045
02057.jpg 0 517 955 661 1189
02057.jpg 0 109 1255 253 1483
02057.jpg 0 695 510 819 705
02057.jpg 0 363 803 481 971
02057.jpg 0 400 1025 492 1233
02057.jpg 0 9 557 95 736
02057.jpg 0 716 368 822 527
02057.jpg 0 287 144 405 307
02057.jpg 0 317 29 426 172
02057.jpg 0 150 410 252 646
02057.jpg 0 302 1037 369 1097
02057.jpg 1 451 320 553 505
02057.jpg 1 0 404 68 481
02058.jpg 0 867 909 986 1149
02058.jpg 0 206 67 386 325
02058.jpg 0 524 907 693 1215
02058.jpg 0 814 532 975 779
02058.jpg 0 97 1088 215 1307
02058.jpg 0 385 564 515 776
02058.jpg 0 866 394 994 575
02058.jpg 0 82 600 204 783
02058.jpg 0 502 1225 596 1364
02058.jpg 1 228 1179 307 1306
02058.jpg 1 532 714 630 817
02058.jpg 1 384 442 427 532
02058.jpg 0 150 1339 195 1390
02059.jpg 0 63 47 230 296
02059.jpg 0 769 754 923 1011
02059.jpg 0 331 328 479 548
02059.jpg 1 665 1091 738 1329
02059.jpg 0 303 525 443 724
02059.jpg 0 72 392 195 583
02059.jpg 1 376 1098 459 1254
02059.jpg 1 698 876 779 994
02059.jpg 1 880 1131 959 1257
02060.jpg 0 82 996 252 1232
02060.jpg 0 155 887 287 1067
02060.jpg 0 108 64 194 230
02060.jpg 1 491 570 584 686
02060.jpg 1 72 610 143 708
02061.jpg 1 19 861 105 1145
02061.jpg 0 480 8 706 412
02061.jpg 0 83 1114 186 1235
02061.jpg 2 88 51 402 113
02061.jpg 1 286 840 365 941
02062.jpg 0 227 121 488 505
02062.jpg 0 373 18 553 275
02064.jpg 0 283 1161 459 1429
02064.jpg 0 831 1166 1004 1417
02064.jpg 0 694 1227 872 1469
02064.jpg 0 301 932 480 1149
02064.jpg 0 349 183 498 438
02064.jpg 0 791 937 943 1158
02064.jpg 0 449 1335 558 1485
02064.jpg 1 91 1297 169 1492
02064.jpg 0 844 246 946 444
02064.jpg 1 240 777 483 923
02065.jpg 0 801 916 965 1203
02065.jpg 0 714 37 933 302
02065.jpg 0 810 453 981 728
02065.jpg 0 549 913 732 1161
02065.jpg 0 719 590 897 859
02065.jpg 0 422 945 539 1127
02065.jpg 2 86 55 387 115
02066.jpg 0 69 558 277 916
02066.jpg 0 198 491 374 694
02066.jpg 0 441 495 610 707
02066.jpg 1 391 356 482 480
02066.jpg 0 734 6 999 351
02066.jpg 0 72 908 221 1072
02066.jpg 0 181 44 290 195
02066.jpg 0 682 1121 977 1411
02066.jpg 1 249 1106 288 1159
02066.jpg 1 322 1247 378 1391
02067.jpg 0 309 1146 533 1474
02067.jpg 0 717 641 921 865
02067.jpg 0 752 842 939 1130
02067.jpg 2 90 53 394 116
02067.jpg 1 654 439 789 530
02067.jpg 1 740 177 866 318
02068.jpg 0 413 1094 604 1395
02068.jpg 0 366 26 564 322
02068.jpg 0 597 891 828 1178
02068.jpg 0 106 192 218 389
02068.jpg 0 180 351 306 546
02068.jpg 0 147 34 264 251
02068.jpg 0 853 184 952 400
02068.jpg 1 654 589 790 865
02068.jpg 0 901 45 1004 268
02068.jpg 0 813 898 943 1085
02068.jpg 0 162 571 276 811
02068.jpg 0 845 522 968 679
02068.jpg 0 84 935 191 1084
02068.jpg 0 763 616 947 858
02068.jpg 1 760 379 826 460
02068.jpg 1 275 921 367 1063
02068.jpg 0 382 922 455 1015
02069.jpg 0 711 806 908 1067
02069.jpg 0 400 356 560 616
02069.jpg 0 799 693 963 891
02069.jpg 0 128 1046 375 1322
02069.jpg 0 412 49 534 221
02069.jpg 0 125 864 308 1083
02069.jpg 0 31 409 178 638
02069.jpg 0 341 133 489 341
02069.jpg 0 755 27 883 248
02069.jpg 0 163 739 280 882
02069.jpg 0 679 113 804 344
02069.jpg 0 127 355 256 565
02069.jpg 2 96 56 396 110
02070.jpg 0 457 446 640 756
02070.jpg 0 776 832 931 1092
02070.jpg 0 454 12 646 405
02070.jpg 0 868 6 1055 306
02070.jpg 0 338 512 459 734
02070.jpg 0 716 1194 831 1397
02070.jpg 0 87 589 174 743
02070.jpg 0 351 398 445 527
02070.jpg 0 301 14 454 179
02070.jpg 1 458 1190 564 1411
02071.jpg 0 620 762 773 979
02071.jpg 0 90 800 268 1016
02071.jpg 0 856 791 1011 1099
02071.jpg 0 819 1045 960 1321
02071.jpg 0 536 347 649 571
02071.jpg 0 193 738 310 883
02071.jpg 0 849 262 966 469
02071.jpg 0 667 527 753 627
02071.jpg 0 688 358 742 465
02071.jpg 1 195 334 265 435
02071.jpg 0 268 1184 402 1385
02071.jpg 0 261 1057 411 1385
02071.jpg 0 807 415 860 486
02072.jpg 0 582 1011 764 1283
02072.jpg 0 121 0 326 413
02072.jpg 0 825 31 1036 416
02072.jpg 0 477 1050 546 1150
02072.jpg 0 877 1018 1003 1193
02072.jpg 0 261 1056 336 1139
02072.jpg 0 810 1166 944 1329
02072.jpg 0 768 742 964 986
02072.jpg 1 659 504 758 577
02073.jpg 0 366 10 574 413
02073.jpg 0 29 3 289 314
02073.jpg 0 758 190 957 568
02073.jpg 0 711 1008 852 1229
02073.jpg 0 212 297 333 513
02073.jpg 0 836 936 978 1194
02073.jpg 0 288 278 389 438
02073.jpg 0 466 956 616 1177
02073.jpg 0 152 1034 300 1250
02073.jpg 1 287 1010 357 1143
02073.jpg 0 343 980 478 1196
02073.jpg 0 843 9 981 235
02073.jpg 0 625 258 703 369
02074.jpg 0 883 585 1047 840
02074.jpg 0 640 594 807 811
02074.jpg 0 876 211 1045 476
02074.jpg 0 304 6 546 403
02074.jpg 0 903 22 1037 220
02074.jpg 0 661 31 798 246
02074.jpg 0 633 991 781 1178
02074.jpg 1 229 237 353 482
02074.jpg 1 840 1031 937 1185
02074.jpg 1 779 1097 819 1186
02074.jpg 1 980 1044 1025 1129
02074.jpg 2 141 1401 573 1495
02075.jpg 0 786 1066 958 1341
02075.jpg 0 73 51 277 335
02075.jpg 0 800 564 984 848
02075.jpg 0 83 639 260 904
02075.jpg 0 797 53 975 307
02076.jpg 0 444 465 648 807
02076.jpg 0 94 996 316 1263
02076.jpg 0 90 730 276 999
02076.jpg 0 747 37 940 340
02076.jpg 0 118 179 251 393
02077.jpg 0 789 448 969 755
02077.jpg 0 136 62 339 353
02077.jpg 0 65 862 305 1193
02077.jpg 0 550 1055 775 1398
02077.jpg 0 404 449 566 693
02077.jpg 0 674 580 839 841
02077.jpg 0 73 608 227 827
02078.jpg 0 784 45 973 325
02078.jpg 0 95 73 279 367
02078.jpg 0 793 447 982 736
02078.jpg 0 464 731 659 1043
02078.jpg 0 362 476 463 638
02078.jpg 0 321 604 451 806
02078.jpg 0 310 1109 463 1321
02078.jpg 0 152 1163 368 1502
02078.jpg 1 594 480 715 654
02079.jpg 1 89 73 454 196
02079.jpg 2 90 73 454 191
02079.jpg 1 368 1195 706 1509
02080.jpg 0 798 1058 979 1325
02080.jpg 0 262 726 501 996
02080.jpg 0 541 483 713 707
02080.jpg 0 64 1174 286 1467
02080.jpg 0 874 520 1005 756
02080.jpg 0 154 1060 287 1246
02080.jpg 0 762 112 879 292
02080.jpg 0 72 865 182 1014
02080.jpg 0 305 482 416 666
02080.jpg 0 572 710 636 786
02081.jpg 0 31 317 222 539
02081.jpg 0 126 614 276 787
02081.jpg 0 543 621 733 884
02081.jpg 0 465 91 584 271
02081.jpg 0 80 115 200 297
02081.jpg 0 349 219 445 355
02081.jpg 0 848 173 967 352
02081.jpg 0 353 112 444 234
02081.jpg 1 516 1240 582 1364
02081.jpg 0 859 61 972 189
02081.jpg 1 511 689 564 846
02081.jpg 2 86 55 386 116
02081.jpg 1 450 219 499 326
02081.jpg 1 568 985 721 1114
02082.jpg 0 57 104 241 353
02082.jpg 0 440 34 616 260
02082.jpg 0 794 956 950 1187
02082.jpg 0 488 538 607 758
02082.jpg 0 95 904 231 1154
02082.jpg 0 893 872 1028 1112
02082.jpg 0 778 33 935 277
02082.jpg 0 102 543 190 739
02083.jpg 0 812 898 999 1197
02083.jpg 0 404 974 573 1298
02083.jpg 0 334 365 531 615
02083.jpg 0 282 959 418 1224
02083.jpg 0 188 0 376 250
02083.jpg 0 860 1262 964 1440
02083.jpg 0 29 475 192 687
02083.jpg 0 332 1256 498 1462
02083.jpg 1 514 394 657 613
02083.jpg 1 626 841 792 933
02084.jpg 0 76 1084 277 1343
02084.jpg 0 57 731 226 967
02084.jpg 0 341 520 531 783
02084.jpg 0 809 496 1027 756
02084.jpg 0 513 1087 663 1299
02084.jpg 0 841 15 1029 270
02084.jpg 0 901 1087 991 1247
02084.jpg 1 550 520 644 722
02084.jpg 0 832 1166 949 1360
02085.jpg 0 39 69 238 393
02085.jpg 0 259 473 472 766
02085.jpg 0 433 681 690 1032
02085.jpg 0 507 447 691 702
02085.jpg 0 539 1286 713 1509
02085.jpg 0 842 60 979 302
02085.jpg 0 68 1300 195 1495
02085.jpg 0 678 1255 851 1467
02085.jpg 0 109 979 282 1217
02085.jpg 1 134 861 213 984
02086.jpg 0 98 805 221 1037
02086.jpg 0 437 807 575 1043
02086.jpg 0 95 126 228 373
02086.jpg 0 104 534 199 741
02086.jpg 0 791 170 939 446
02086.jpg 0 474 520 572 698
02086.jpg 0 802 522 952 848
02086.jpg 0 881 52 996 292
02086.jpg 1 495 106 579 236
02086.jpg 0 250 1284 331 1375
02086.jpg 1 886 1227 1015 1470
02086.jpg 1 330 132 369 194
02086.jpg 0 298 1468 397 1509
02087.jpg 0 44 944 228 1199
02087.jpg 0 60 687 236 929
02087.jpg 0 381 168 570 425
02087.jpg 0 170 603 336 838
02087.jpg 0 730 671 871 885
02087.jpg 0 436 13 582 193
02087.jpg 0 812 609 930 796
02087.jpg 1 796 157 912 412
02087.jpg 1 727 1200 824 1368
02087.jpg 1 387 393 457 571
02087.jpg 0 197 840 253 903
02088.jpg 0 692 606 914 875
02088.jpg 0 138 70 320 315
02088.jpg 0 536 57 700 313
02088.jpg 0 434 933 581 1187
02088.jpg 0 543 1158 741 1400
02088.jpg 0 813 84 960 305
02088.jpg 0 871 943 977 1109
02088.jpg 0 226 1172 374 1381
02088.jpg 0 317 1033 440 1216
02088.jpg 0 329 939 429 1055
02089.jpg 0 322 869 519 1093
02089.jpg 0 801 680 971 1009
02089.jpg 0 395 1319 513 1495
02089.jpg 0 142 79 285 298
02089.jpg 0 419 1206 513 1335
02089.jpg 0 538 1301 660 1460
02089.jpg 0 16 946 128 1110
02089.jpg 0 772 110 913 317
02089.jpg 0 258 1032 424 1221
02089.jpg 0 325 679 493 877
02089.jpg 0 84 1222 231 1427
02089.jpg 0 574 1201 686 1347
02089.jpg 0 834 14 949 167
02089.jpg 0 173 695 327 898
02089.jpg 0 35 879 115 963
02089.jpg 1 312 806 345 877
02090.jpg 0 872 508 1061 804
02090.jpg 0 96 839 265 1152
02090.jpg 0 285 232 449 469
02090.jpg 0 848 88 1023 324
02090.jpg 0 465 239 602 442
02090.jpg 0 430 510 566 763
02090.jpg 0 540 1070 766 1449
02090.jpg 0 488 119 582 251
02090.jpg 0 356 72 469 250
02090.jpg 1 123 562 235 677
02090.jpg 0 841 336 952 490
02090.jpg 1 126 684 183 795
02091.jpg 0 356 198 524 446
02091.jpg 0 115 879 302 1146
02091.jpg 0 99 560 303 808
02091.jpg 0 720 880 921 1157
02091.jpg 0 384 1116 582 1384
02091.jpg 0 757 676 865 844
02091.jpg 0 407 902 571 1128
02091.jpg 0 817 571 953 780
02091.jpg 0 471 75 604 268
02091.jpg 1 284 689 358 856
02091.jpg 0 818 210 950 392
02091.jpg 0 849 60 971 242
02091.jpg 1 276 685 381 861
02091.jpg 1 638 930 719 1053
02091.jpg 2 89 50 406 115
02092.jpg 0 191 926 406 1209
02092.jpg 0 815 940 1040 1264
02092.jpg 0 722 163 915 430
02092.jpg 0 121 91 277 313
02092.jpg 0 802 591 983 841
02092.jpg 0 141 1158 348 1434
02092.jpg 0 487 625 618 806
02092.jpg 0 876 470 1003 657
02092.jpg 0 836 1240 982 1431
02092.jpg 0 812 29 947 214
02092.jpg 0 511 508 618 648
02092.jpg 1 765 1186 823 1277
02092.jpg 1 473 305 597 416
02093.jpg 0 245 1068 413 1321
02093.jpg 0 800 429 964 687
02093.jpg 0 286 394 429 624
02093.jpg 0 662 830 753 1029
02093.jpg 0 117 1096 253 1305
02093.jpg 0 849 827 964 1022
02093.jpg 1 677 1253 748 1347
02093.jpg 0 623 652 710 795
02093.jpg 0 626 400 730 546
02094.jpg 0 79 1074 275 1379
02094.jpg 0 460 34 736 448
02094.jpg 0 529 1067 664 1268
02094.jpg 0 776 747 956 988
02094.jpg 0 873 1063 972 1217
02094.jpg 0 94 719 314 1015
02094.jpg 0 456 446 642 688
02094.jpg 1 755 921 810 1018
02095.jpg 0 46 235 277 583
02095.jpg 0 711 704 914 975
02095.jpg 1 413 320 502 504
02095.jpg 1 113 719 209 913
02095.jpg 0 376 65 517 270
02095.jpg 0 821 552 982 791
02095.jpg 0 796 26 973 287
02095.jpg 1 369 715 514 979
02095.jpg 1 519 731 608 929
02095.jpg 1 678 1093 826 1288
02095.jpg 1 886 778 960 979
02095.jpg 1 828 1024 975 1268
02095.jpg 0 808 1014 979 1263
02096.jpg 0 437 1014 591 1269
02096.jpg 0 359 1155 507 1358
02096.jpg 0 622 984 765 1263
02096.jpg 0 841 975 1000 1248
02096.jpg 0 408 48 612 362
02096.jpg 0 786 705 922 904
02096.jpg 0 102 253 244 456
02096.jpg 0 111 714 246 910
02096.jpg 1 618 291 721 438
02096.jpg 0 171 107 310 316
02096.jpg 0 302 195 440 387
02096.jpg 1 668 115 756 268
02096.jpg 1 795 110 955 287
02097.jpg 0 452 829 644 1164
02097.jpg 0 157 1253 373 1510
02097.jpg 0 198 243 353 480
02097.jpg 0 667 1037 808 1232
02097.jpg 0 636 1182 763 1362
02097.jpg 0 864 974 972 1182
02097.jpg 0 127 581 218 733
02097.jpg 0 668 101 784 255
02097.jpg 0 699 7 797 134
02097.jpg 1 482 234 704 395
02098.jpg 0 79 540 274 896
02098.jpg 0 429 474 585 750
02098.jpg 0 95 1171 317 1478
02098.jpg 0 856 81 989 326
02098.jpg 0 860 467 1001 715
02098.jpg 0 634 1246 786 1499
02098.jpg 0 582 516 703 725
02098.jpg 0 761 1174 957 1491
02098.jpg 0 659 467 761 657
02098.jpg 0 795 236 905 402
02098.jpg 0 135 151 270 368
02098.jpg 0 649 102 785 270
02098.jpg 0 649 236 748 366
02098.jpg 0 534 984 608 1068
02099.jpg 0 115 729 300 965
02099.jpg 0 67 74 207 314
02099.jpg 0 439 725 577 937
02099.jpg 0 763 18 1003 371
02099.jpg 0 761 860 890 1047
02099.jpg 0 873 847 970 984
02099.jpg 0 423 24 557 230
02099.jpg 0 888 770 968 858
02100.jpg 0 58 381 255 643
02100.jpg 0 53 179 241 392
02100.jpg 0 76 663 229 868
02100.jpg 0 57 1036 257 1307
02100.jpg 0 466 61 557 175
02100.jpg 0 429 132 522 285
02100.jpg 0 348 652 437 800
02100.jpg 1 90 860 159 956
02100.jpg 1 738 1344 843 1467
02101.jpg 0 529 1133 718 1422
02101.jpg 0 418 658 571 959
02101.jpg 0 799 636 935 907
02101.jpg 0 290 1130 367 1266
02101.jpg 0 858 1127 990 1337
02101.jpg 0 102 700 190 815
02101.jpg 0 874 554 964 744
02101.jpg 0 112 990 275 1207
02101.jpg 0 208 535 408 818
02101.jpg 0 364 1008 544 1166
02101.jpg 2 384 27 693 137
02101.jpg 0 105 630 180 713
02101.jpg 1 246 1140 298 1215
02102.jpg 0 70 1087 278 1408
02102.jpg 0 546 903 714 1218
02102.jpg 0 494 119 623 293
02102.jpg 0 790 68 915 247
02102.jpg 0 646 849 775 1051
02102.jpg 0 172 268 301 450
02102.jpg 0 882 14 987 166
02102.jpg 0 531 40 619 139
02102.jpg 0 823 495 889 608
02103.jpg 0 596 35 755 289
02103.jpg 0 781 1004 916 1199
02103.jpg 0 162 0 349 234
02103.jpg 0 301 661 425 828
02103.jpg 0 760 759 912 954
02103.jpg 0 310 973 404 1107
02103.jpg 0 446 996 576 1195
02103.jpg 0 50 1094 168 1270
02103.jpg 0 417 0 532 153
02103.jpg 0 217 979 331 1161
02103.jpg 0 852 702 954 859
02103.jpg 0 905 973 1004 1156
02103.jpg 0 79 100 221 343
02103.jpg 0 595 1009 667 1154
02103.jpg 0 394 134 531 294
02103.jpg 0 123 752 250 910
02104.jpg 0 243 1162 473 1504
02104.jpg 0 866 395 997 604
02104.jpg 0 843 59 942 208
02104.jpg 0 68 523 164 694
02104.jpg 0 882 1308 1041 1478
02104.jpg 0 114 444 207 583
02104.jpg 0 143 75 239 216
02104.jpg 0 891 1132 1050 1330
02104.jpg 0 521 1308 691 1509
02104.jpg 0 584 147 694 279
02104.jpg 0 293 590 408 750
02104.jpg 0 79 156 199 326
02104.jpg 0 654 432 759 571
02104.jpg 0 605 557 736 793
02104.jpg 0 602 62 689 157
02104.jpg 0 643 1269 761 1438
02104.jpg 0 513 433 583 522
02104.jpg 1 674 815 962 1031
02105.jpg 0 488 1109 653 1357
02105.jpg 0 143 0 332 276
02105.jpg 0 109 273 288 504
02105.jpg 0 712 40 846 267
02105.jpg 0 799 0 984 236
02105.jpg 0 572 1003 698 1180
02105.jpg 1 154 764 213 852
02105.jpg 0 518 277 626 432
02105.jpg 0 463 394 607 579
02105.jpg 1 107 797 184 944
02105.jpg 0 792 266 943 843
02105.jpg 0 218 463 279 576
02105.jpg 1 529 775 582 859
02105.jpg 1 393 312 481 527
02106.jpg 0 405 241 625 541
02106.jpg 0 700 1037 818 1237
02106.jpg 0 490 63 638 289
02106.jpg 0 750 301 878 496
02106.jpg 0 659 353 783 555
02106.jpg 0 782 574 923 790
02106.jpg 0 772 936 913 1163
02106.jpg 0 259 1475 382 1510
02106.jpg 1 163 1346 244 1499
02107.jpg 0 601 328 749 550
02107.jpg 0 376 585 508 779
02107.jpg 1 111 366 201 524
02107.jpg 1 351 901 494 1089
02107.jpg 0 41 1045 182 1260
02107.jpg 2 91 51 402 111
02108.jpg 0 436 892 622 1172
02108.jpg 0 834 895 1025 1201
02108.jpg 0 710 482 950 779
02108.jpg 0 74 1110 274 1366
02108.jpg 0 90 209 277 467
02108.jpg 0 112 917 277 1116
02108.jpg 0 456 48 596 256
02108.jpg 0 156 37 313 253
02108.jpg 0 753 32 908 258
02108.jpg 1 739 951 830 1041
02108.jpg 0 702 1315 773 1423
02108.jpg 0 166 637 245 760
02109.jpg 0 719 145 939 469
02110.jpg 0 513 810 670 1040
02110.jpg 0 106 548 262 756
02110.jpg 0 803 523 938 720
02110.jpg 0 320 1176 469 1412
02110.jpg 0 169 1127 270 1330
02110.jpg 0 88 1208 211 1420
02110.jpg 1 668 871 738 967
02110.jpg 0 670 1077 769 1180
02110.jpg 0 345 1 729 275
02110.jpg 1 669 1250 736 1396
02110.jpg 0 900 1221 960 1305
02110.jpg 1 819 1310 876 1395
02110.jpg 1 150 201 288 312
02110.jpg 1 669 1251 734 1349
02111.jpg 0 88 775 204 1084
02111.jpg 0 75 1235 204 1450
02111.jpg 0 234 0 403 206
02111.jpg 0 758 89 885 282
02111.jpg 0 819 780 932 1029
02111.jpg 0 836 20 944 151
02111.jpg 0 843 471 930 583
02111.jpg 1 0 1193 50 1289
02111.jpg 0 626 779 699 866
02111.jpg 1 290 1012 484 1299
